phylum	MD3d_CeC_1	MD3d_CeC_2	MD3d_CeC_3	MD3d_CeC_4	MD3d_CeC_5	MD3d_CeC_6	MD3d_CeC_7	MD3d_CeC_8	MD7d_CeC_1	MD7d_CeC_2	MD7d_CeC_3	MD7d_CeC_4	MD7d_CeC_5	MD7d_CeC_6	MD7d_CeC_7	MD7d_CeC_8	MD14d_CeC_1	MD14d_CeC_2	MD14d_CeC_3	MD14d_CeC_4	MD14d_CeC_5	MD14d_CeC_6	MD14d_CeC_7	MD14d_CeC_8	MD42d_CeC1	MD42d_CeC2	MD42d_CeC3	MD42d_CeC4	MD42d_CeC5	MD42d_CeC6	MD42d_CeC7	MD42d_CeC8	MD70d_CeC1	MD70d_CeC2	MD70d_CeC3	MD70d_CeC4	MD70d_CeC5	MD70d_CeC6	MD70d_CeC7	MD70d_CeC8	PD3d_CeC_1	PD3d_CeC_2	PD3d_CeC_3	PD3d_CeC_4	PD3d_CeC_5	PD3d_CeC_6	PD3d_CeC_7	PD3d_CeC_8	PD14d_CeC_1	PD14d_CeC_2	PD14d_CeC_3	PD14d_CeC_4	PD14d_CeC_5	PD14d_CeC_6	PD14d_CeC_7	PD14d_CeC_8	PD7d_CeC_1	PD7d_CeC_2	PD7d_CeC_4	PD7d_CeC_5	PD7d_CeC_6	PD7d_CeC_7	PD7d_CeC_8	PD7d_CeC_3	PD42d_CeC1	PD42d_CeC2	PD42d_CeC3	PD42d_CeC4	PD42d_CeC5	PD42d_CeC6	PD42d_CeC8	PD42d_CeC7	PD70d_CeC1	PD70d_CeC2	PD70d_CeC3	PD70d_CeC6	PD70d_CeC7	PD70d_CeC8	PD70d_CeC4	PD70d_CeC5
Abditibacteriota	0	0	0	0	0	0	0	0	0	0	0	0	0	0	0	0	0	0	0	0	0	0	0	0	17	3	17	6	11	12	26	6	2	0	2	1	1	0	1	10	0	0	0	0	0	0	0	0	0	0	0	0	0	6	0	4	0	0	0	0	0	0	0	0	37	31	23	38	15	31	36	39	29	142	45	174	54	16	9	47
Acidobacteria	0	0	0	0	6	0	0	0	0	1	0	0	0	0	2	0	386	306	127	493	279	476	573	100	4468	1733	4138	3951	2853	4349	3808	2395	1790	646	543	909	2428	541	650	795	2	0	0	0	0	1	0	0	381	452	284	176	295	182	327	327	10	20	1	10	36	7	8	6	1514	1223	1117	1069	1265	1257	1005	1046	1659	2506	2732	2991	2441	1245	1183	1965
Actinobacteria	13253	4011	1143	3290	17364	5157	1873	5833	25414	13532	29958	19380	36316	18009	15513	36785	95033	96221	45985	198440	104962	113277	292436	62975	69026	36189	72047	67063	125440	78219	80083	50109	115436	113513	55644	116740	149995	94009	57954	116751	112	25696	382	103	65	525	2241	195	71837	67880	75361	40513	96160	86797	66998	106862	5010	7477	14502	30239	30545	13616	24206	73182	199559	78064	34988	118077	109736	114121	108309	195681	286829	358029	332948	459452	292932	231851	214157	322277
Aquificae	0	0	0	0	2	0	0	0	0	0	4	0	0	0	0	2	14	53	19	65	56	17	84	32	458	353	800	523	356	699	920	529	173	106	250	225	222	107	268	236	2	181	4	1	0	0	7	0	50	86	58	7	33	50	51	46	20	25	89	533	230	32	262	29	707	572	114	391	352	570	129	160	662	681	936	886	795	353	353	715
Archaea_norank	0	0	0	0	1	0	0	0	0	0	0	0	0	4	0	0	18	80	10	69	80	22	104	19	287	287	93	103	158	94	248	382	412	129	2141	1710	515	145	2369	1794	2	0	0	0	0	0	0	0	27	12	68	9	12	23	18	24	0	0	0	76	314	4	106	0	273	80	123	250	239	121	351	681	1576	4142	3325	5180	2848	1001	1024	1709
Armatimonadetes	0	0	0	0	0	0	0	0	0	0	0	0	0	0	0	0	32	52	68	153	55	36	214	136	265	92	297	139	118	221	219	198	654	545	438	319	853	418	409	364	2	0	0	0	0	0	0	2	111	197	51	32	134	91	101	168	0	0	1	3	2	0	4	0	446	189	47	226	283	256	155	293	461	1221	1515	1538	1366	507	505	574
Bacteria_norank	4477	4872	4864	6165	5409	6256	7665	11722	4495	5863	10544	4445	5724	9172	7019	6330	125744	125803	224730	206188	131212	138743	266944	311264	305262	70807	281080	274875	176979	301738	282227	139738	167180	105208	90544	142359	216908	89962	95491	141055	107	4730	64	53	56	37	432	108	91364	55266	70807	37818	76145	63289	66466	81937	11539	14051	17831	43658	63758	13648	39416	6051	194857	146933	84567	141116	141759	160607	106927	149908	212339	271752	287964	344826	252581	169346	159900	237268
Bacteroidetes	57629	16770	10743	14023	81784	21412	15315	23244	101484	55949	105257	68775	132913	62773	65996	148730	1305021	2688913	8570057	2504151	2876130	1482501	3287435	11714408	5807788	2546484	7910209	6344235	5083270	8506512	9485782	4977248	8126725	6089521	2686740	8117656	10642234	5226321	2805477	8088663	3367	16175	2214	2930	2222	2024	3086	2421	2961390	3363821	1437337	1410077	6020572	2728764	2513507	4821596	13503	14871	24958	30466	39475	16503	31195	14529	13280490	14848216	4404513	14955283	8744791	14162823	10173369	17025679	8681133	10066821	14096308	12877286	12421509	9007741	8406375	9788309
Balneolaeota	0	0	0	0	0	0	0	0	0	0	0	0	0	0	0	0	16	20	6	54	21	9	62	3	258	19	298	206	132	248	247	75	106	29	44	182	128	48	59	224	0	0	0	0	0	0	0	0	11	28	26	15	13	23	14	21	0	0	0	0	0	0	0	0	47	42	43	40	36	50	46	70	103	208	189	285	167	125	102	120
Caldiserica	0	0	0	0	2	0	0	0	2	0	0	0	0	0	0	0	2	24	0	42	22	2	52	1	17	0	10	47	22	19	6	6	68	8	3	15	91	13	9	9	0	0	0	0	0	0	0	2	19	4	11	3	12	3	9	8	0	316	473	804	914	200	716	151	4	16	22	46	18	14	35	53	129	391	151	483	146	51	57	147
Calditrichaeota	0	0	0	0	0	0	0	0	0	0	0	0	0	0	0	0	20	9	1	24	8	29	23	4	57	138	205	71	106	113	146	179	108	46	38	112	91	39	33	92	0	0	0	0	0	0	0	0	109	27	10	10	52	43	39	47	0	0	0	264	49	0	89	0	9	81	55	138	67	61	130	264	115	130	113	115	115	79	90	113
Candidatus Abawacabacteria	0	0	0	0	0	0	0	0	0	0	0	0	0	0	0	0	0	0	0	0	0	0	0	0	0	0	1	0	0	0	1	1	2	0	0	2	1	0	0	0	0	0	0	0	0	0	0	0	0	0	0	0	0	0	0	0	0	0	0	0	0	0	0	0	6	0	4	0	1	7	0	8	6	2	10	6	12	1	5	1
Candidatus Abyssubacteria	0	0	0	0	0	0	0	0	0	0	0	0	0	0	0	0	4	47	8	4	40	12	17	10	147	293	143	150	162	186	115	152	88	16	160	124	154	10	185	131	0	0	0	0	0	0	0	0	25	19	11	3	7	3	24	10	0	0	0	0	0	0	0	0	29	11	15	11	15	11	7	5	34	47	28	38	29	10	12	30
Candidatus Adlerbacteria	0	0	0	0	0	0	0	0	0	0	0	0	0	0	0	0	3	0	1	0	0	2	2	0	0	0	0	0	0	0	0	0	0	0	0	0	0	2	0	0	0	0	0	0	0	0	0	0	0	0	0	0	0	0	0	0	0	0	0	0	0	0	0	0	0	0	0	0	0	0	0	0	0	0	0	0	0	0	0	0
Candidatus Aenigmarchaeota	0	0	0	0	0	0	0	0	0	0	0	0	0	0	0	0	0	0	0	0	0	0	0	0	4	8	2	2	11	9	9	6	26	3	3	7	34	3	1	12	0	0	0	0	0	0	0	0	2	0	0	0	0	0	5	0	0	0	0	0	0	0	0	0	17	7	6	7	10	6	3	6	9	11	36	17	22	21	12	20
Candidatus Aerophobetes	0	2	0	0	0	0	0	0	0	0	0	0	0	0	0	0	74	203	27	190	156	48	268	29	364	75	134	129	109	137	324	213	166	93	54	101	202	106	67	132	0	2	0	0	0	0	0	0	35	51	68	17	42	45	44	69	0	0	0	0	0	0	0	0	57	152	49	133	66	117	51	100	257	425	611	523	510	231	208	324
Candidatus Altiarchaeota	0	0	0	0	0	0	0	0	0	0	2	0	0	0	0	0	3	0	0	1	4	6	5	0	5	4	20	10	7	11	6	4	46	30	15	15	35	9	29	20	0	0	0	0	0	0	0	0	0	2	0	0	0	1	0	0	0	0	0	0	0	0	0	0	5	15	19	14	14	4	17	15	49	21	79	21	66	37	51	50
Candidatus Amesbacteria	0	0	0	0	0	0	0	0	0	0	0	0	0	0	0	0	14	2	0	16	0	8	58	0	0	0	0	0	0	0	0	0	0	5	14	0	0	3	10	2	0	0	0	0	0	0	0	0	11	0	0	0	8	9	7	5	0	0	0	0	0	0	0	0	10	1	0	0	2	1	0	0	10	10	15	7	19	2	4	5
Candidatus Aminicenantes	0	0	0	0	0	0	0	0	0	0	0	0	0	0	0	0	14	60	168	62	59	30	91	165	13	58	115	165	91	111	80	43	53	61	40	97	64	53	42	114	0	0	0	0	0	0	0	0	20	5	32	16	26	20	23	21	0	0	0	0	0	0	0	0	774	34	58	127	408	230	189	285	96	142	183	227	189	73	82	123
Candidatus Andersenbacteria	0	0	0	0	0	0	0	0	0	0	0	0	0	0	0	0	0	0	0	0	0	0	0	0	0	0	0	0	0	0	0	0	0	0	0	0	0	0	0	0	0	0	0	0	0	0	0	0	0	0	0	0	0	0	0	0	0	0	0	0	0	0	0	0	0	0	0	0	0	0	2	5	32	12	0	9	0	1	0	37
Candidatus Atribacteria	0	2	0	0	0	0	0	0	0	0	0	0	0	0	0	0	43	65	114	546	73	63	569	159	203	113	294	210	201	254	297	143	334	207	200	355	433	179	218	382	0	0	0	1	0	0	0	0	30	68	36	40	104	33	70	73	0	0	0	2	103	0	12	3	234	139	128	191	174	146	164	258	509	782	958	1093	1003	411	411	599
Candidatus Aureabacteria	0	0	0	0	0	0	0	0	0	0	0	0	0	0	0	0	8	98	8	5	83	4	4	14	0	0	0	0	0	0	0	0	0	0	0	0	0	0	0	0	0	0	0	0	0	0	0	0	0	0	0	0	0	0	0	0	0	0	0	0	0	0	0	0	0	0	0	4	0	0	0	4	0	0	0	0	0	0	0	0
Candidatus Azambacteria	0	0	0	0	0	0	0	0	0	0	0	0	0	0	0	0	0	0	0	10	0	0	15	0	3	0	5	1	0	2	8	7	7	0	0	2	13	2	0	5	0	0	0	0	0	0	0	0	4	0	0	4	0	0	0	0	0	0	0	0	0	0	0	0	23	0	0	0	9	10	0	0	2	2	0	0	3	0	1	0
Candidatus Bathyarchaeota	0	0	0	0	0	0	0	0	1	0	1	0	0	0	0	0	143	35	27	93	48	200	99	79	121	48	127	644	438	462	200	115	771	239	3427	1832	1267	232	4352	1941	0	0	2	0	0	0	0	0	35	137	22	31	21	34	58	43	0	0	0	2	0	0	1	0	431	113	33	165	221	260	120	272	383	5115	2891	7479	2587	472	554	535
Candidatus Beckwithbacteria	0	0	0	0	0	0	0	0	0	0	0	0	0	0	0	0	0	0	0	33	0	0	44	0	0	0	3	0	1	5	5	0	3	10	0	1	6	2	0	2	0	0	0	0	0	0	0	0	0	12	0	0	4	1	6	2	0	0	0	0	0	0	0	0	0	2	0	4	2	0	1	10	7	1	2	7	7	0	0	0
Candidatus Berkelbacteria	0	0	0	0	0	0	0	0	0	0	0	0	0	0	0	0	4	11	6	10	16	8	8	1	8	15	15	18	5	4	26	19	50	5	7	21	34	9	7	18	0	2	0	0	0	0	0	0	14	4	1	0	3	0	0	0	0	0	0	0	0	0	0	0	52	13	11	9	24	31	22	33	10	12	24	22	29	18	27	4
Candidatus Bipolaricaulota	0	0	0	0	0	0	0	0	0	0	0	0	0	0	0	0	170	87	14	251	83	223	418	15	39	2	47	29	25	44	33	16	707	664	699	213	808	517	693	243	0	0	0	0	0	0	0	0	59	11	31	4	16	9	17	6	0	0	0	0	0	0	0	0	357	406	117	444	212	320	284	569	164	1746	1385	2203	1357	522	407	246
Candidatus Blackburnbacteria	0	0	0	0	0	0	0	0	0	0	0	0	0	0	0	0	0	0	0	0	0	0	1	0	5	1	4	0	1	6	7	4	4	7	0	2	8	6	1	5	0	0	0	0	0	0	0	0	0	0	0	0	0	0	0	0	0	0	0	0	0	0	0	0	3	3	1	4	6	6	1	12	14	21	44	40	9	8	14	13
Candidatus Brennerbacteria	0	0	0	0	0	0	0	0	0	0	0	0	0	0	0	0	0	0	0	0	0	0	0	0	0	0	0	0	0	0	0	0	0	0	0	0	0	0	0	0	0	0	0	0	0	0	0	0	0	0	0	0	0	0	0	0	0	0	0	0	0	0	0	0	0	0	0	0	0	0	0	0	0	0	4	0	6	0	0	0
Candidatus Buchananbacteria	0	0	0	0	0	0	0	0	0	0	0	0	0	0	0	0	34	53	15	3	63	45	4	12	15	76	25	5	30	15	15	37	7	1	7	37	14	2	3	40	0	0	0	0	0	0	0	0	46	1	50	4	13	7	39	16	0	0	0	0	0	0	0	0	21	6	42	10	45	7	22	23	12	70	108	95	117	18	7	9
Candidatus Campbellbacteria	0	0	0	0	0	0	0	0	0	0	0	0	0	0	0	0	0	0	0	0	0	0	0	0	0	0	0	0	0	0	0	0	0	0	0	0	0	0	0	0	0	0	0	0	0	0	0	0	0	0	0	0	0	0	0	0	0	0	0	0	0	0	0	0	0	0	4	0	0	0	0	0	0	0	0	0	2	2	0	0
Candidatus Cerribacteria	0	0	0	0	0	0	0	0	0	0	0	0	0	0	0	0	0	0	0	0	0	0	0	0	0	0	0	0	0	0	0	0	0	0	0	0	0	0	0	0	0	0	0	0	0	0	0	0	0	0	0	0	0	0	0	0	0	0	0	0	0	0	0	0	0	0	0	0	0	0	0	0	1	0	0	0	0	2	0	0
Candidatus Chisholmbacteria	0	0	0	0	0	0	0	0	0	0	0	0	0	0	0	0	0	0	2	0	0	0	0	2	0	1	0	0	0	0	0	0	1	0	3	0	4	0	1	1	0	0	0	0	0	0	0	0	0	0	0	1	4	13	0	9	0	0	0	0	0	0	0	0	0	2	0	1	0	0	0	2	15	3	13	10	3	0	0	16
Candidatus Cloacimonetes	0	0	0	0	0	0	0	0	0	0	0	0	0	0	0	0	10	2	98	11	2	12	29	152	76	83	80	96	90	99	104	129	230	64	53	80	352	46	90	97	0	0	0	0	0	0	0	0	163	131	122	99	227	177	86	186	0	0	0	0	0	0	0	0	219	75	85	97	151	150	56	105	290	294	315	321	319	224	243	378
Candidatus Coatesbacteria	0	0	0	0	0	0	0	0	0	0	0	0	0	0	0	0	0	0	0	0	0	0	0	0	1	0	2	0	0	1	1	0	3	6	2	0	5	4	0	0	0	0	0	0	0	0	0	0	0	0	0	0	0	0	0	0	0	0	0	0	0	0	0	0	0	0	0	1	1	0	0	0	3	1	5	0	15	13	6	2
Candidatus Collierbacteria	0	0	0	0	0	0	0	0	0	0	2	0	0	0	0	0	0	0	0	0	0	0	0	0	369	11	65	1	0	22	234	207	10	3	0	2	5	0	0	1	0	0	0	0	0	0	0	0	0	0	0	0	0	0	0	0	0	0	0	0	0	0	0	0	0	0	10	0	2	2	8	2	24	3	8	16	0	0	2	41
Candidatus Colwellbacteria	0	0	0	0	0	0	0	0	0	0	0	0	0	0	0	0	0	0	0	0	0	0	0	0	3	0	6	0	0	1	2	0	0	5	0	0	0	0	0	0	0	0	0	0	0	0	0	0	0	0	0	0	0	0	0	0	0	0	0	0	0	0	0	0	3	0	0	0	6	0	2	3	0	2	2	3	8	3	0	0
Candidatus Cryosericota	0	0	0	0	0	0	0	0	2	0	0	0	0	0	0	0	8	17	3	35	9	4	32	4	63	13	65	19	24	42	72	35	151	85	35	79	244	96	48	74	0	0	0	0	0	0	0	0	13	25	2	19	8	1	23	22	0	0	0	0	0	0	0	0	67	48	28	38	35	52	25	55	267	143	147	185	121	196	196	271
Candidatus Curtissbacteria	0	0	0	0	0	0	0	0	0	0	0	0	0	0	0	0	0	0	0	0	0	0	0	0	0	0	0	0	0	0	0	0	4	7	1	0	5	0	0	2	0	0	0	0	0	0	0	0	0	0	0	0	0	2	0	4	0	0	0	5	113	0	55	0	0	4	0	1	0	1	0	4	1	1	7	10	10	2	2	0
Candidatus Dadabacteria	0	0	0	0	0	0	0	0	0	0	0	0	0	0	0	0	2	1	0	0	0	0	0	0	0	12	2	10	12	14	6	7	36	25	8	8	39	10	10	13	0	0	0	0	0	0	0	0	0	2	0	0	0	0	0	0	0	0	0	0	0	0	0	0	55	19	8	15	42	18	27	31	41	19	65	42	52	19	15	43
Candidatus Daviesbacteria	0	0	0	0	0	0	0	0	0	0	0	0	0	0	0	0	0	6	0	0	3	0	0	0	0	0	0	2	0	2	0	0	0	2	4	0	2	8	18	2	0	0	0	0	0	0	0	0	0	0	0	0	0	4	0	1	0	0	0	137	23	0	64	0	1	3	4	2	1	0	2	0	2	4	10	4	23	6	0	4
Candidatus Delongbacteria	0	0	0	0	0	0	0	0	0	0	0	0	0	0	0	0	0	0	3	4	0	4	5	11	4	2	0	1	0	0	4	7	10	6	5	0	5	5	1	4	0	0	0	0	0	0	0	0	0	4	5	2	2	0	1	3	0	0	0	0	0	0	0	0	44	1	2	17	4	8	5	26	15	13	29	16	17	5	13	15
Candidatus Desantisbacteria	0	0	0	0	0	0	0	0	0	0	0	0	0	0	0	0	13	22	0	95	29	16	164	2	7	6	8	6	0	6	6	6	14	0	15	42	19	6	11	55	0	0	0	0	0	0	0	0	2	54	75	1	1	8	23	13	0	0	0	0	0	0	0	0	10	23	6	70	17	14	97	92	21	80	124	135	86	54	41	29
Candidatus Diapherotrites	0	0	0	0	0	0	0	0	0	0	0	0	0	0	0	0	0	3	0	0	0	0	0	0	80	6	2	0	0	0	47	40	43	2	10	51	77	5	12	48	0	0	0	0	0	0	0	0	0	0	0	0	0	0	0	0	0	0	0	0	0	0	0	0	0	0	1	0	2	0	0	0	0	7	0	6	0	11	9	0
Candidatus Dormibacteraeota	0	0	0	0	0	0	0	0	0	0	0	0	0	0	0	0	0	0	0	2	0	0	0	0	0	0	0	2	2	2	9	0	8	3	4	6	19	1	9	4	0	0	0	0	0	0	0	0	0	1	0	0	2	1	0	3	0	0	0	0	0	0	0	0	2	2	0	0	0	4	0	3	17	5	18	12	10	3	0	13
Candidatus Doudnabacteria	0	0	0	0	0	0	0	0	0	0	0	0	0	0	0	0	0	0	0	0	0	0	0	0	0	0	1	0	0	0	0	2	1	0	0	7	1	0	0	7	0	0	0	0	0	0	0	0	0	0	0	0	0	0	0	0	0	0	0	0	0	0	0	0	1	0	16	0	6	2	12	1	43	4	6	6	2	3	0	44
Candidatus Edwardsbacteria	0	0	4	0	0	0	0	0	0	1	0	0	0	0	0	0	0	0	0	0	0	0	0	0	1020	34	922	801	373	774	741	303	1	0	29	9	2	0	46	2	0	0	2	0	0	0	0	0	0	0	0	0	0	0	0	0	0	0	0	0	0	0	0	0	2	16	109	12	49	1	54	34	32	110	5	175	2	2	2	34
Candidatus Eisenbacteria	0	0	0	0	0	0	0	0	0	0	0	0	0	0	0	0	8	4	0	0	5	14	0	2	1	0	12	0	0	12	1	0	2	0	0	0	10	0	2	8	0	0	0	0	0	0	0	0	4	0	0	0	0	0	2	0	0	0	0	0	0	0	0	0	9	1	2	5	5	2	0	9	9	27	44	18	32	11	8	5
Candidatus Eremiobacteraeota	0	0	0	0	0	0	0	0	0	0	0	0	0	0	0	0	0	0	0	0	0	0	0	0	0	1	2	0	0	1	0	3	2	0	0	0	0	0	0	4	0	0	0	0	0	0	0	0	0	0	0	0	0	0	0	0	0	0	0	0	0	0	0	0	0	0	0	0	0	0	0	0	2	0	0	4	0	0	0	0
Candidatus Falkowbacteria	0	0	0	0	0	0	0	0	0	0	0	0	0	0	2	0	83	53	203	67	34	61	103	253	15	37	28	51	31	49	50	40	294	119	161	145	283	106	183	186	0	0	0	0	0	0	0	0	27	24	8	16	25	8	19	13	1	0	0	0	0	0	0	0	18	70	19	56	23	26	40	88	175	191	302	216	213	187	148	168
Candidatus Fermentibacteria	0	0	0	0	0	0	0	0	0	0	0	0	0	0	0	0	0	2	1	5	3	0	4	0	0	5	2	13	6	3	5	2	18	41	12	89	21	24	11	68	0	0	0	0	0	0	0	0	0	0	0	0	0	2	0	0	0	0	0	0	0	0	0	0	5	6	2	9	3	6	0	2	28	49	15	49	28	24	29	46
Candidatus Firestonebacteria	0	0	0	0	0	0	0	0	0	0	0	0	0	0	0	0	0	0	0	0	0	0	0	0	0	2	1	5	4	2	0	0	31	20	9	14	31	17	9	26	0	0	0	0	0	0	0	0	0	0	0	0	1	0	0	0	0	0	0	0	0	0	0	0	35	13	8	14	10	12	4	7	28	46	57	34	53	36	27	28
Candidatus Fischerbacteria	0	0	0	0	0	0	0	0	0	0	0	0	0	0	0	0	0	0	0	0	0	0	0	0	0	0	0	0	0	0	0	0	0	0	0	0	0	0	0	0	0	0	0	0	0	0	0	0	0	0	0	0	0	0	0	0	0	0	0	0	0	0	0	0	1	0	0	0	0	2	0	0	0	0	0	0	0	4	4	0
Candidatus Fraserbacteria	0	0	0	0	0	0	0	0	0	0	0	0	0	0	0	0	2	17	8	17	18	1	39	1	0	0	0	0	0	0	0	0	0	0	0	0	0	0	2	0	0	0	0	0	0	0	0	0	4	0	2	6	7	0	0	0	0	0	0	0	0	0	0	0	3	4	2	1	3	2	0	2	0	0	0	12	2	0	3	0
Candidatus Geothermarchaeota	0	0	0	0	0	0	0	0	0	0	0	0	0	0	0	0	0	0	0	0	0	0	0	0	0	0	0	0	0	0	0	0	1	1	0	0	1	0	0	0	0	0	0	0	0	0	0	0	0	0	0	0	0	0	0	0	0	0	0	0	0	0	0	0	0	1	0	0	0	0	0	0	0	0	3	1	2	0	0	0
Candidatus Giovannonibacteria	0	0	0	0	0	0	0	0	0	0	0	0	0	0	0	0	192	139	18	87	114	186	107	16	8	0	14	12	14	19	25	7	4	5	0	0	17	1	3	2	0	0	0	0	0	0	0	0	71	11	0	15	11	8	24	16	0	0	0	0	0	0	0	0	1	17	1	10	5	16	0	4	6	13	21	12	21	4	4	7
Candidatus Glassbacteria	0	0	0	0	0	0	0	0	0	0	0	0	0	0	0	0	169	116	9	210	116	218	359	24	2	1	6	7	0	10	4	1	8	5	0	2	7	12	0	0	0	0	0	0	0	0	0	0	32	10	24	7	4	2	27	10	0	0	0	0	0	0	0	0	5	0	0	5	5	6	0	12	13	7	14	6	19	10	3	5
Candidatus Goldbacteria	0	0	0	0	0	0	0	0	0	0	0	0	0	0	0	0	0	0	0	0	0	0	0	0	3	0	1	0	0	0	0	0	38	6	0	98	54	6	2	130	0	0	0	0	0	0	0	0	0	1	1	1	0	0	0	0	0	0	0	0	0	0	0	0	2	0	0	2	0	2	0	6	21	5	5	3	0	1	1	29
Candidatus Gottesmanbacteria	0	0	0	0	0	0	0	0	0	0	0	0	0	0	0	0	0	1	14	10	0	0	38	29	42	10	28	15	15	10	57	28	43	3	10	215	56	1	15	200	0	0	0	0	0	0	0	0	0	0	0	0	0	2	0	0	0	0	0	0	0	0	0	0	46	101	9	74	43	87	32	19	40	113	119	170	70	15	26	38
Candidatus Gracilibacteria	0	0	0	0	0	0	0	0	0	0	0	0	0	0	0	0	2	9	2	0	6	0	6	4	55	122	298	280	238	280	244	134	443	691	151	55	599	640	163	82	4	120	0	0	2	0	0	1	1	1	0	0	0	1	4	0	27	14	62	321	121	6	170	13	1212	1304	267	860	752	1147	296	395	1450	1266	1471	1686	1147	391	419	1642
Candidatus Handelsmanbacteria	0	0	0	0	0	0	0	0	0	0	0	0	0	0	0	0	155	63	13	174	73	181	223	21	2	7	16	11	5	5	4	1	19	4	10	6	11	2	5	2	0	0	0	0	0	0	0	0	37	0	19	4	1	2	8	8	0	0	0	0	0	0	0	0	2	19	1	17	0	11	12	11	43	23	55	31	47	33	30	40
Candidatus Harrisonbacteria	0	0	0	0	0	0	0	0	0	0	0	0	0	0	0	0	0	0	0	4	0	0	6	0	0	0	0	0	0	0	0	0	0	0	0	0	0	0	0	0	0	0	0	0	0	0	0	0	1	0	0	0	0	0	0	0	0	0	0	0	0	0	0	0	0	1	0	0	0	0	0	1	0	2	0	2	0	2	0	0
Candidatus Heimdallarchaeota	0	0	0	0	0	0	0	0	0	1	0	0	0	0	0	0	0	0	0	0	0	0	0	0	5	6	20	9	10	13	17	8	24	33	6	9	24	27	0	11	0	0	0	0	0	0	0	0	0	0	0	0	7	0	0	0	0	0	0	877	203	0	338	0	5	15	8	28	7	32	8	8	327	166	17	188	15	378	253	290
Candidatus Huberarchaea	0	0	0	0	0	0	0	0	0	0	0	0	0	0	0	0	0	0	0	0	0	0	0	0	0	0	0	0	0	0	0	0	0	0	0	0	0	0	0	0	0	0	0	0	0	0	0	0	0	0	0	0	0	0	0	0	0	0	0	0	0	0	0	0	0	0	0	0	0	0	0	0	0	0	0	0	0	0	0	1
Candidatus Hydrogenedentes	0	0	0	0	0	0	0	0	0	0	0	0	0	0	0	0	2	25	9	11	5	4	15	2	111	49	88	152	63	179	117	46	20	9	6	29	40	8	15	13	0	2	0	0	0	0	0	0	24	0	1	2	5	1	9	3	0	0	0	0	0	0	0	4	8	66	50	100	30	56	88	132	86	88	105	140	108	104	142	45
Candidatus Hydrothermae	0	0	0	0	0	0	0	0	0	0	0	0	0	0	0	0	0	7	1	0	0	0	0	0	36	20	18	17	25	30	14	19	24	23	15	17	34	7	15	10	0	0	0	0	0	0	0	0	0	0	0	0	0	0	0	2	0	0	0	0	100	0	17	0	0	23	20	28	2	4	29	33	0	9	35	19	24	26	24	10
Candidatus Hydrothermarchaeota	0	0	0	0	0	0	0	0	0	0	0	0	0	0	0	0	0	0	0	0	0	0	0	0	2	27	11	0	6	10	6	8	1	0	0	0	0	0	0	0	0	0	0	0	0	0	0	0	0	0	0	0	0	0	0	0	0	0	0	0	0	0	0	0	31	0	0	0	14	2	0	1	0	0	0	0	0	0	0	0
Candidatus Jacksonbacteria	0	0	0	0	0	0	0	0	0	0	0	0	0	0	0	0	0	0	0	0	0	0	0	0	0	3	0	0	0	0	0	0	0	0	0	0	0	0	0	0	0	0	0	0	0	0	0	0	0	0	0	0	0	0	0	0	0	0	0	0	0	0	0	0	0	0	0	0	0	0	0	4	0	0	0	2	0	0	0	0
Candidatus Jorgensenbacteria	0	0	0	0	0	0	0	0	0	0	0	0	0	0	0	0	0	0	0	2	6	0	2	0	6	7	20	4	2	13	13	7	6	0	10	8	3	4	3	3	0	0	0	0	0	0	0	0	7	0	0	1	0	0	8	3	0	0	0	0	0	0	0	0	9	0	6	14	6	1	12	9	3	57	70	47	51	13	22	2
Candidatus Kaiserbacteria	0	0	0	0	0	0	0	0	0	0	0	0	0	0	0	0	1	1	0	0	0	4	0	0	18	17	21	19	23	15	35	38	52	12	263	189	75	24	254	182	0	0	0	0	0	0	0	0	0	0	0	0	0	2	6	1	0	0	0	0	0	0	0	0	31	14	18	31	23	23	53	60	155	437	420	564	298	129	89	160
Candidatus Kapabacteria	0	0	0	0	0	0	0	0	0	0	0	0	0	0	0	0	0	0	0	0	0	0	0	0	0	0	0	0	0	0	0	0	0	0	0	0	2	0	0	0	0	0	0	0	0	0	0	0	0	0	0	0	0	0	0	0	0	0	0	0	0	0	0	0	0	0	0	0	0	0	0	0	0	0	0	0	0	0	0	0
Candidatus Kerfeldbacteria	0	0	0	0	0	0	0	0	0	0	0	0	0	0	0	0	10	18	0	29	20	3	25	3	20	2	5	2	6	4	22	7	17	1	40	21	3	3	7	32	0	0	0	0	0	0	0	0	3	10	2	0	3	0	2	1	0	0	0	0	0	0	0	0	14	7	4	5	14	10	2	8	24	91	68	154	82	13	14	22
Candidatus Komeilibacteria	0	0	0	0	0	0	0	0	0	0	0	0	0	0	0	0	12	4	0	12	3	8	20	0	0	2	3	0	0	0	0	2	0	0	0	0	0	0	0	2	0	0	0	0	0	0	0	0	7	4	0	8	6	13	2	9	0	0	0	0	0	0	0	0	7	0	2	6	7	2	8	16	1	1	0	0	0	0	0	0
Candidatus Korarchaeota	0	0	0	0	0	0	0	0	0	0	0	0	0	0	0	0	71	69	347	97	74	84	111	473	12	11	4	28	33	45	26	8	10	18	18	4	34	7	8	13	0	2	0	0	0	0	0	0	44	22	36	20	51	12	48	46	0	0	0	2	10	0	1	0	95	12	34	25	44	39	16	11	27	20	56	22	58	19	29	27
Candidatus Kryptonia	0	0	0	0	0	0	0	0	0	0	0	0	0	0	0	0	0	0	0	0	0	0	0	1	11	13	4	41	19	23	23	11	152	275	23	63	198	186	31	63	0	0	0	0	0	0	0	0	0	3	2	0	0	0	0	0	0	0	0	0	0	0	0	0	29	4	4	22	24	12	32	60	101	118	136	173	97	53	37	80
Candidatus Kuenenbacteria	0	0	0	0	0	0	0	0	0	0	0	0	0	0	0	0	0	0	0	0	0	0	0	0	0	0	3	0	0	0	2	0	32	16	37	141	43	43	46	137	0	0	0	0	0	0	0	0	0	2	0	0	0	0	0	0	0	0	0	1	0	0	0	0	0	0	1	2	0	1	1	0	59	97	31	99	16	46	38	55
Candidatus Latescibacteria	0	0	0	0	0	0	0	0	0	0	0	0	0	0	0	0	312	164	55	295	164	395	359	77	19	25	55	29	22	40	62	36	78	234	49	653	94	166	38	606	0	0	0	0	0	0	2	0	46	56	170	55	31	80	62	61	0	0	0	0	0	0	0	0	66	60	24	44	33	42	44	97	229	253	297	311	224	317	269	242
Candidatus Levybacteria	0	0	0	0	0	0	0	0	0	0	0	0	0	0	0	0	0	4	0	0	4	0	0	0	5	7	11	0	4	8	16	6	8	4	8	3	18	11	7	3	0	0	0	0	0	0	0	0	0	0	0	0	0	0	0	0	0	0	0	0	0	0	0	0	0	2	0	2	1	0	1	6	9	19	4	18	8	4	4	8
Candidatus Lindowbacteria	0	0	0	0	0	0	0	0	0	0	0	0	0	0	0	0	0	0	0	0	0	0	0	0	0	0	0	0	0	0	0	0	0	0	0	0	0	0	0	0	0	0	0	0	0	0	0	0	0	0	0	0	0	0	0	0	0	0	0	0	0	0	0	0	0	0	0	0	0	0	0	0	0	0	0	0	0	0	0	0
Candidatus Liptonbacteria	0	0	0	0	0	0	0	0	0	0	0	0	0	0	0	0	0	0	0	0	0	0	0	0	0	0	0	0	0	0	0	0	0	0	0	0	0	0	0	0	0	0	0	0	0	0	0	0	4	1	0	0	1	0	1	2	0	0	0	0	0	0	0	0	5	0	0	0	2	1	0	0	0	3	1	0	2	0	0	0
Candidatus Lloydbacteria	0	0	0	0	0	0	0	0	0	0	0	0	0	0	0	0	0	0	0	1	0	1	1	0	3	0	10	43	31	14	12	0	6	1	3	3	10	0	3	4	0	0	0	0	0	0	0	0	0	0	0	2	1	0	0	0	0	0	0	0	0	0	0	0	15	2	7	23	5	4	16	22	2	2	8	1	2	1	2	5
Candidatus Lokiarchaeota	0	0	0	0	2	0	0	0	0	0	0	0	0	0	0	0	16	2	8	51	4	29	59	4	1	35	10	1	14	8	12	29	46	186	3	10	37	180	8	12	0	0	0	0	0	0	0	0	1	6	11	0	3	4	0	3	0	0	0	0	0	0	0	0	586	51	27	94	301	278	24	71	62	163	254	242	213	138	155	75
Candidatus Magasanikbacteria	0	0	0	0	0	0	0	0	0	0	0	0	0	0	0	0	0	11	0	21	12	4	34	2	4	9	14	687	446	552	22	2	72	16	12	8	91	7	8	13	0	0	0	0	0	0	0	0	8	15	4	0	8	0	10	4	0	0	0	0	0	0	0	0	48	21	8	49	41	30	77	192	23	122	105	138	40	56	48	23
Candidatus Margulisbacteria	0	0	0	0	0	0	0	0	1	0	0	0	0	0	0	0	1	2	0	7	6	0	15	1	6	6	33	17	17	17	37	16	490	195	1109	568	580	161	1361	588	2	0	0	0	0	2	0	0	1	0	0	0	3	4	1	6	0	0	0	0	0	0	0	0	79	43	28	35	80	72	32	63	787	1593	1303	1937	1202	564	501	872
Candidatus Marinimicrobia	2	0	0	0	0	3	0	0	2	0	0	0	0	0	0	0	40	14	5	23	37	38	16	8	127	29	157	186	100	173	143	77	200	138	189	333	251	133	173	315	0	0	0	0	0	0	0	0	13	8	1	6	5	4	3	20	0	0	1	2	73	0	10	0	150	75	93	136	165	106	193	298	293	471	417	609	421	396	389	342
Candidatus Marsarchaeota	0	0	0	0	0	0	0	0	0	0	0	0	0	0	0	0	0	0	0	0	0	0	0	0	0	0	0	0	0	0	0	0	0	0	0	0	1	0	1	0	0	0	0	0	0	0	0	0	0	0	0	0	0	0	1	0	0	0	0	0	0	0	0	0	0	0	0	0	0	0	0	0	0	2	0	0	0	2	0	2
Candidatus Mcinerneyibacteriota	0	0	0	0	0	0	0	0	0	0	0	0	0	0	1	0	0	1	0	0	0	0	0	0	0	5	3	9	15	13	3	5	31	2	3	3	39	0	2	10	0	0	0	0	0	0	0	0	0	0	0	0	0	0	0	0	0	0	0	0	0	0	0	1	3	4	1	8	10	8	0	6	37	157	37	178	19	12	24	56
Candidatus Melainabacteria	48	46	42	24	188	93	55	76	49	55	113	42	55	57	61	60	1360	2801	1056	2211	2688	1428	2878	1364	87361	53072	248341	124203	95150	167993	210304	73393	215355	66959	155822	123902	276079	60225	174348	124447	43	73	36	40	46	20	50	51	1073	633	724	475	981	784	749	1008	42	93	359	508	464	80	518	62	62768	114159	65497	123587	69438	94824	100907	153258	281471	280048	444655	350284	390732	393861	380251	315998
Candidatus Micrarchaeota	0	0	0	0	0	0	0	0	0	0	0	0	0	0	0	0	0	0	0	0	0	0	0	0	0	0	1	0	0	0	0	0	0	0	0	8	0	0	0	2	0	0	0	0	0	0	0	0	0	5	0	0	0	0	3	0	0	0	0	0	0	0	0	0	0	0	0	0	0	0	0	0	2	4	0	13	9	0	1	1
Candidatus Microgenomates	0	0	0	0	0	0	0	0	0	0	0	0	0	0	0	0	0	0	0	0	0	0	0	0	0	23	2	0	5	2	0	6	2	1	1	0	0	0	2	0	0	0	0	0	0	0	0	0	0	0	0	0	0	0	0	0	0	0	0	0	0	0	0	0	0	0	8	0	6	0	2	7	2	0	3	3	1	7	4	3
Candidatus Moranbacteria	0	0	0	0	2	0	0	0	0	0	0	0	0	0	0	0	22	14	8	20	14	31	33	5	476	4041	820	409	1376	520	579	2623	272	114	81	601	405	99	126	546	2	0	1	0	2	4	0	0	17	5	2	1	7	27	3	13	0	1	46	54	519	3	190	0	495	113	1529	426	1292	244	1147	950	267	499	506	722	462	201	208	203
Candidatus Nealsonbacteria	0	0	0	0	0	0	0	0	0	0	0	0	0	0	0	0	0	10	0	0	6	0	0	0	26	22	43	34	40	28	71	40	149	141	62	38	246	102	76	44	0	0	0	0	0	0	0	0	2	0	0	0	0	3	2	0	0	0	0	0	0	0	0	0	279	169	39	109	133	234	63	143	63	92	83	80	72	48	52	67
Candidatus Nezhaarchaeota	0	0	0	0	0	0	0	0	0	0	0	0	0	0	0	0	0	0	0	0	0	0	0	0	0	0	0	0	0	0	0	0	0	0	0	0	0	0	0	0	0	0	0	0	0	0	0	0	0	0	0	0	0	0	0	0	0	0	0	0	0	0	0	0	0	0	0	0	0	0	0	0	0	0	0	2	1	0	0	2
Candidatus Niyogibacteria	0	0	0	0	0	0	0	0	0	0	0	0	0	0	0	0	0	0	0	0	0	0	0	0	0	0	0	0	0	0	0	0	0	0	0	0	0	0	0	0	0	0	0	0	0	0	0	0	0	0	0	0	0	0	0	0	0	0	0	0	0	0	0	0	0	0	0	0	0	0	0	0	0	0	0	0	0	0	0	0
Candidatus Nomurabacteria	0	0	0	0	0	0	0	0	0	0	0	2	0	0	0	0	110	108	24	291	121	141	428	31	1743	752	2154	3017	2089	3006	2102	1130	1488	585	394	1256	1913	507	400	1383	0	2	0	0	0	0	0	4	112	355	128	122	231	272	198	309	1	213	368	671	864	124	580	117	552	341	293	492	511	424	532	868	959	1229	1978	1540	1742	821	721	1208
Candidatus Odinarchaeota	0	0	0	0	0	0	0	0	0	0	0	0	0	0	0	0	0	0	0	0	0	0	0	0	0	0	0	0	0	0	0	0	0	0	0	0	0	0	0	0	0	0	0	0	0	0	0	0	0	0	0	0	0	0	0	0	0	0	0	0	0	0	0	0	0	0	0	0	0	0	0	0	0	0	0	0	0	0	0	0
Candidatus Omnitrophica	0	0	0	0	0	0	0	0	0	0	0	0	0	0	0	0	6	12	5	10	9	7	30	0	687	136	586	467	308	537	562	275	205	133	68	442	272	83	56	435	0	0	0	0	0	0	0	0	14	12	5	5	8	10	9	12	0	0	0	0	0	1	0	0	1317	166	151	248	667	543	254	376	279	357	442	489	386	176	220	349
Candidatus Pacebacteria	0	0	0	0	0	0	0	0	0	0	0	0	0	0	0	0	0	0	0	0	0	0	0	0	2	11	0	31	29	15	0	9	24	2	0	9	45	0	0	7	0	0	0	0	0	0	0	0	0	0	0	0	0	0	0	0	0	0	0	0	0	0	0	0	2	0	0	0	2	0	1	0	2	1	5	2	6	3	4	1
Candidatus Parcubacteria	0	0	0	0	0	0	0	0	0	0	0	0	0	0	0	0	128	221	121	590	229	150	795	187	111	193	270	140	163	186	224	188	252	88	14	107	351	74	34	123	0	0	0	0	0	0	0	0	44	39	111	26	43	67	58	69	0	0	1	0	52	0	10	0	101	56	47	87	75	73	71	105	110	296	281	384	243	155	118	106
Candidatus Parvarchaeota	0	0	0	0	0	0	0	0	0	0	0	0	0	0	0	0	0	0	0	0	0	0	0	0	0	0	0	0	0	0	0	0	0	0	0	0	0	0	0	0	0	0	0	0	0	0	0	0	0	0	0	0	0	0	0	0	0	0	0	0	0	0	0	0	0	0	0	0	0	1	0	0	0	0	0	1	0	0	0	1
Candidatus Peregrinibacteria	0	0	0	0	0	0	0	0	0	0	2	0	0	0	0	0	0	16	4	6	24	0	16	12	37	12	27	61	35	54	24	10	88	14	8	72	103	21	9	62	0	0	0	0	0	0	0	0	2	0	1	17	7	20	3	23	0	0	0	0	2	0	0	0	119	307	165	267	152	258	273	403	119	88	119	84	126	62	31	87
Candidatus Poribacteria	0	0	0	0	2	0	0	0	0	0	0	0	0	0	0	0	127	124	429	251	190	118	306	580	208	26	317	1331	785	1014	295	119	391	70	56	125	461	66	90	125	0	0	0	0	0	0	0	0	85	74	110	31	115	90	99	96	0	0	0	7	2	0	4	0	212	109	51	135	183	171	102	150	238	379	351	505	265	139	108	298
Candidatus Portnoybacteria	2	0	0	0	0	0	0	0	0	0	0	0	0	0	0	0	0	0	0	0	2	0	0	0	10	2	3	1	3	9	8	6	152	12	2	288	193	11	1	298	0	0	0	0	0	0	0	0	0	0	0	0	0	0	0	0	0	0	0	0	0	0	0	0	0	1	2	7	5	6	3	4	65	15	12	19	1	14	4	85
Candidatus Raymondbacteria	0	0	0	0	0	0	0	0	0	0	0	0	0	0	0	0	42	20	1	59	26	51	118	6	2	2	1	2	1	1	2	1	4	8	0	3	6	0	2	19	0	0	0	0	0	0	0	0	12	0	1	0	0	2	0	0	0	0	0	0	0	0	0	0	4	4	0	3	2	5	3	7	3	9	12	15	22	13	7	20
Candidatus Riflebacteria	0	0	0	0	0	0	0	0	0	0	0	0	0	0	0	0	46	75	10	65	69	57	55	14	8	0	3	22	22	12	4	6	54	38	17	22	37	46	10	17	0	0	0	0	0	0	0	0	1	1	2	0	12	4	5	4	0	6	3	0	194	4	30	2	12	9	2	13	9	6	9	37	45	28	20	31	35	42	32	48
Candidatus Roizmanbacteria	0	0	0	0	0	0	0	0	0	0	0	0	0	0	0	0	0	18	52	0	14	0	0	50	38	55	68	8	21	34	46	46	40	4	19	12	44	7	16	34	0	0	0	0	0	0	0	0	5	3	0	1	10	8	1	3	0	0	0	0	0	0	0	0	97	26	44	50	55	49	66	102	17	33	69	36	59	41	30	21
Candidatus Rokubacteria	0	0	0	0	0	0	0	0	0	0	0	0	2	0	0	0	238	129	21	312	207	274	482	55	25	32	57	50	45	39	34	29	346	260	201	200	454	189	216	216	0	0	0	0	0	0	0	0	20	43	37	18	11	37	34	20	0	0	1	0	0	0	0	0	82	28	18	51	56	44	26	68	162	139	184	141	164	110	77	184
Candidatus Ryanbacteria	0	0	0	0	0	0	0	0	0	0	0	0	0	0	0	0	0	9	0	0	1	0	0	0	0	14	0	2	8	0	0	10	60	3	2	22	74	2	4	24	0	0	0	0	0	0	0	0	0	0	0	0	0	0	0	0	0	0	0	0	0	0	0	0	0	2	2	4	0	0	2	4	160	32	63	35	46	58	75	127
Candidatus Saccharibacteria	0	0	0	3	1	3	0	0	0	1	18	6	6	25	2	0	126	198	38	713	198	132	811	38	781	4182	688	723	1842	677	1003	3178	643	574	552	572	942	478	645	531	8	121	2	1	0	0	18	0	142	336	112	24	481	134	192	325	12	13	9386	2373	5275	34	6518	13	739	608	1068	760	1059	637	998	1028	637	1676	1868	1884	1541	649	620	780
Candidatus Schekmanbacteria	0	0	0	0	0	0	0	0	0	0	0	0	0	0	0	0	0	0	0	0	0	0	0	0	0	0	1	13	10	3	3	2	1	0	2	4	11	0	3	1	0	0	0	0	0	0	0	0	0	0	0	0	0	0	0	0	0	0	0	0	0	0	0	0	1	3	0	0	1	3	0	1	9	5	1	26	11	17	7	5
Candidatus Shapirobacteria	0	0	0	0	0	0	0	0	0	0	0	0	0	0	0	0	0	1	0	3	4	0	8	0	165	0	196	127	93	154	159	67	86	38	40	87	125	38	20	76	0	0	0	0	0	0	0	0	0	0	3	0	0	4	0	0	0	0	9	0	1	0	3	0	44	19	42	29	39	29	20	20	26	46	115	58	59	25	38	15
Candidatus Spechtbacteria	0	0	0	0	0	0	0	0	0	0	0	0	0	0	0	0	0	0	0	0	0	0	0	0	0	0	0	0	0	0	0	0	0	0	0	0	0	0	0	0	0	0	0	0	0	0	0	0	0	0	0	0	0	0	0	0	0	0	0	0	0	0	0	0	0	0	0	0	0	0	0	0	0	0	0	0	0	0	0	0
Candidatus Staskawiczbacteria	0	0	0	0	4	0	0	0	0	0	0	0	0	0	0	0	12	24	5	172	20	15	193	10	1	4	19	9	6	27	14	9	49	19	11	8	74	8	0	8	0	0	0	0	0	0	0	0	2	7	7	0	0	0	8	0	0	0	0	4	7	0	3	0	87	8	8	9	51	59	22	7	28	29	63	30	71	59	49	30
Candidatus Sumerlaeota	0	0	0	0	0	0	0	0	0	0	0	0	0	0	0	0	82	101	19	275	176	91	358	29	39	29	14	37	30	29	31	37	219	35	21	570	329	59	15	598	0	0	0	0	2	0	0	0	15	20	5	3	2	3	20	2	0	0	0	18	3	0	17	0	17	50	20	62	23	34	29	67	143	43	81	47	63	31	38	183
Candidatus Sungbacteria	0	0	0	0	0	0	0	0	0	0	0	0	0	0	0	0	0	0	0	0	0	0	0	0	0	0	0	2	0	2	2	0	2	0	0	0	0	0	0	3	0	0	0	0	0	0	0	0	0	0	0	0	0	0	0	0	0	0	0	0	0	0	0	0	0	0	0	0	0	0	0	0	2	1	1	0	0	0	0	0
Candidatus Tagabacteria	0	0	0	0	0	0	0	0	0	0	0	0	0	0	0	0	0	0	0	0	0	0	0	0	0	0	0	0	0	0	0	0	12	1	0	15	21	0	0	22	0	0	0	0	0	0	0	0	0	0	0	0	0	0	0	0	0	0	0	0	0	0	0	0	0	0	0	0	0	0	0	0	0	0	2	0	0	0	4	0
Candidatus Taylorbacteria	0	0	0	0	0	0	0	0	0	0	0	0	0	0	0	0	0	0	0	0	0	0	0	0	2	1	2	4	0	3	5	3	51	89	14	48	69	72	9	77	0	0	0	0	0	0	0	0	0	0	0	0	0	0	0	0	0	0	0	0	0	0	0	0	38	32	14	44	33	51	30	50	47	88	29	120	13	3	0	58
Candidatus Tectomicrobia	0	0	0	0	0	0	0	0	0	0	0	0	0	0	0	0	0	1	0	1	0	0	1	0	3	0	11	0	5	1	2	2	13	2	0	17	23	2	4	18	0	0	0	0	0	0	0	0	0	0	0	0	2	4	0	8	0	0	0	0	0	0	0	0	0	2	2	8	0	11	2	11	26	19	67	16	58	14	20	24
Candidatus Terrybacteria	0	0	0	0	0	0	0	0	0	0	0	0	0	0	0	0	0	0	0	0	0	0	0	0	0	0	0	0	0	0	0	0	23	0	0	0	28	0	0	0	0	0	0	0	0	1	0	0	0	0	0	0	0	0	0	0	0	0	0	0	0	0	0	0	0	12	36	23	7	12	24	28	17	2	31	2	17	1	5	32
Candidatus Thorarchaeota	0	2	0	0	0	1	0	0	0	0	0	0	0	4	1	2	36	29	124	45	21	28	53	188	8	3	63	33	15	42	34	5	1941	358	10563	5861	2783	354	13216	6108	3	2	0	0	0	0	2	0	29	6	15	4	14	15	11	18	0	1	0	1	0	0	1	0	82	39	15	50	39	35	30	104	623	16471	7016	22889	6264	872	953	651
Candidatus Uhrbacteria	0	2	0	0	0	0	0	0	0	0	1	0	0	0	0	0	0	8	4	7	18	0	8	7	163	65	357	78	69	160	274	103	129	35	657	499	106	40	734	430	0	0	0	0	0	0	0	0	23	2	6	2	22	16	7	28	0	0	0	1	0	0	0	0	41	37	38	53	21	34	84	115	409	1084	931	1323	910	248	222	451
Candidatus Veblenbacteria	0	0	0	0	0	0	0	0	0	0	0	0	0	0	0	0	0	0	0	0	0	0	0	0	0	2	0	0	0	0	0	2	40	4	0	2	82	0	0	2	0	0	0	0	0	0	0	0	0	0	0	0	0	0	0	0	0	0	0	0	0	0	0	0	0	4	0	0	2	0	1	0	16	18	1	10	6	0	0	8
Candidatus Verstraetearchaeota	0	0	0	0	0	0	0	0	0	0	0	0	0	0	0	0	0	0	0	0	0	0	1	0	9	0	0	7	0	4	4	3	6	3	2	5	6	8	2	3	0	0	0	0	0	0	0	0	0	5	0	2	4	13	1	4	0	0	0	0	0	0	0	0	8	4	0	9	0	11	6	25	5	3	15	5	19	11	11	1
Candidatus Vogelbacteria	0	0	0	0	0	0	0	0	0	0	0	0	0	0	0	0	0	0	0	0	0	1	0	0	0	3	8	3	5	4	6	1	85	40	24	12	107	54	18	19	0	0	0	0	0	0	0	0	0	0	2	0	1	0	0	1	0	0	0	1	0	0	0	0	14	5	2	13	6	16	2	0	28	20	47	38	23	19	22	34
Candidatus Wallbacteria	0	0	0	0	0	0	0	0	0	0	0	0	0	0	0	0	3	3	1	0	1	5	0	0	0	4	18	3	2	1	9	0	10	4	3	4	12	3	0	12	0	0	0	0	0	0	0	0	0	0	0	0	0	0	0	0	0	0	0	0	0	0	0	0	0	1	3	2	0	5	0	3	7	17	55	27	29	13	11	17
Candidatus Wildermuthbacteria	0	0	0	0	0	0	0	0	0	0	0	0	0	0	0	0	0	0	0	0	0	0	0	0	0	0	1	0	0	0	0	0	2	4	0	0	0	0	3	6	0	0	0	0	0	0	0	0	0	0	0	0	0	0	0	0	0	0	0	1	5	0	3	0	9	4	11	0	17	3	8	0	4	2	0	2	4	1	2	9
Candidatus Wirthbacteria	0	0	0	0	0	0	0	0	0	0	0	0	0	0	0	0	6	3	0	2	10	6	0	2	0	0	0	0	0	0	0	0	0	0	0	0	0	0	0	0	0	0	0	0	0	0	0	0	1	2	0	0	1	0	2	0	0	0	0	0	0	0	0	0	0	0	0	0	0	0	0	0	0	0	2	3	0	0	4	0
Candidatus Woesearchaeota	0	0	0	0	0	0	0	0	0	0	0	0	0	0	0	0	0	0	0	0	0	0	1	0	1209	92	34	13	33	19	373	352	129	20	49	78	180	24	33	59	0	0	0	0	0	0	0	0	0	0	2	3	25	9	3	9	3	0	0	0	0	2	0	0	66	276	85	168	115	227	142	130	61	116	164	190	119	51	68	42
Candidatus Woesebacteria	0	0	0	0	0	0	0	0	0	0	0	0	0	0	0	0	65	85	18	287	63	51	262	23	133	125	282	367	328	461	298	157	160	193	119	186	275	155	133	199	0	0	0	0	0	0	0	0	162	96	20	53	63	60	59	104	4	6	0	0	0	0	0	0	187	103	42	161	158	137	174	308	299	386	492	470	390	187	193	348
Candidatus Wolfebacteria	0	0	0	0	0	0	0	0	0	0	0	0	0	0	0	0	40	69	6	59	76	25	99	11	15	0	2	1	4	0	6	1	46	14	18	140	91	13	18	139	0	0	0	0	0	0	0	0	30	12	31	2	31	94	17	76	0	0	0	9	79	0	22	0	3	15	10	51	11	17	42	84	54	303	63	375	48	53	46	92
Candidatus Woykebacteria	0	0	0	0	0	0	0	0	0	0	0	0	0	0	0	0	0	0	0	0	0	0	0	0	32	3	27	10	15	24	24	5	5	2	2	0	1	0	0	0	0	0	0	0	0	0	0	0	0	0	0	0	0	0	2	0	0	0	0	0	0	0	0	0	1	4	8	2	2	0	2	8	2	1	5	10	1	2	5	4
Candidatus Yanofskybacteria	0	0	0	0	0	0	0	0	0	0	0	0	0	2	0	0	0	0	0	3	0	0	8	0	145	173	325	329	253	321	297	170	615	68	24	116	800	61	46	163	0	0	0	0	0	0	0	0	0	0	3	0	0	0	0	0	0	0	0	0	0	0	0	0	45	28	92	25	68	42	53	50	50	153	206	173	158	230	166	63
Candidatus Yonathbacteria	0	0	0	0	0	0	0	0	0	0	0	0	0	0	0	0	0	0	0	2	0	0	0	0	11	55	7	0	13	2	5	40	7	6	10	0	15	5	8	1	0	0	0	0	0	0	0	0	0	0	0	0	0	0	0	0	0	0	0	0	0	0	0	0	8	0	4	0	3	4	3	10	6	0	2	1	1	0	2	0
Candidatus Zambryskibacteria	0	0	0	0	0	0	0	0	0	0	0	0	0	0	0	0	0	0	0	0	0	1	1	0	37	9	9	3	7	5	25	32	36	44	11	17	37	33	11	9	0	0	0	0	0	0	0	0	0	0	0	0	2	1	0	0	0	0	0	0	0	0	0	0	44	12	8	18	31	19	21	20	50	36	26	47	37	22	29	30
Chlamydiae	6	0	4	10	3	5	11	7	253	31	595	147	138	515	44	464	664	556	815	1407	553	679	1709	1077	993	1556	955	2315	8020	2028	1184	1947	1056	640	341	593	1405	596	356	506	0	0	0	0	2	1	1	0	424	202	125	220	458	326	258	423	33	81	87	429	491	70	317	26	936	1066	470	1092	803	1011	769	1242	1085	1295	1828	1629	1461	909	894	1163
Chlorobi	0	0	0	0	0	0	2	0	0	0	0	0	0	0	0	0	1	14	1	117	3	8	178	2	138	88	42	415	311	348	87	126	168	254	228	128	268	226	243	156	0	0	0	0	0	0	0	0	22	5	17	1	48	11	7	26	0	0	8	4	2	0	0	0	117	160	85	197	109	125	225	419	268	405	464	472	467	264	212	335
Chloroflexi	9	0	4	1	9	4	3	7	9	9	10	5	4	7	3	8	2486	2810	1748	6542	2997	2996	8033	2201	10267	5970	7099	6363	6003	7046	9437	7716	12267	5961	4213	7169	15883	5044	4696	7133	4	9	3	5	0	3	2	3	1586	2459	1280	989	2635	1404	1817	2524	28	324	325	1264	1063	190	945	103	7125	6253	3829	6679	5501	6440	5384	7984	11750	12586	17586	16734	15207	9578	9079	13639
Chrysiogenetes	0	0	0	0	0	0	0	0	0	0	0	0	0	0	0	0	0	3	4	0	10	0	0	0	7	0	6	2	5	6	7	6	6	10	4	12	13	0	13	22	0	0	0	0	0	0	0	0	0	0	0	0	0	0	0	0	0	0	0	0	0	0	0	0	2	10	2	7	1	5	0	5	27	11	21	29	21	8	4	23
Coprothermobacterota	0	0	0	0	0	0	0	0	0	2	0	0	0	0	0	0	73	83	13	153	102	93	226	22	203	105	263	70	68	118	280	172	96	44	33	102	164	44	27	111	0	0	0	0	0	0	0	0	63	33	47	39	55	28	38	57	0	0	0	12	6	0	2	2	17	94	74	100	19	63	98	141	100	224	232	317	234	90	117	125
Crenarchaeota	0	0	0	0	0	0	0	0	0	0	0	3	0	0	0	0	249	174	29	134	154	282	193	40	21	2228	289	78	557	100	146	1125	197	83	35	136	302	74	46	117	0	0	0	0	0	0	0	0	113	150	30	30	58	6	104	30	0	0	0	0	0	0	0	0	94	43	529	79	387	63	325	211	144	242	490	299	440	198	173	159
Cyanobacteria	1	3	4	2	9	2	0	2	0	0	8	0	2	3	2	7	1178	892	1202	2278	1105	1366	3016	1526	8067	2027	11412	9682	6458	10043	11912	4784	4407	2404	2118	2043	5356	2358	2404	2046	2	8	2	5	2	1	0	3	992	883	829	595	885	748	724	1075	3	10	3	293	1446	25	462	14	4201	4117	1902	3758	3152	4322	2747	4191	4239	4832	5503	6053	5116	4175	4009	4610
Deferribacteres	0	0	1	0	7	0	0	0	0	0	0	0	0	1	0	0	43	53	9	33	35	51	72	11	2001	241	1728	2312	1454	2157	1778	823	462	171	647	332	587	170	710	367	0	0	0	0	0	0	0	0	54	29	40	61	95	37	37	56	0	7	8	30	26	3	25	1	314	427	375	546	396	361	532	880	812	1329	1174	1696	1074	583	614	834
Deinococcus-Thermus	0	0	0	0	0	0	0	0	0	0	0	0	0	0	0	0	9	9	3	14	5	0	20	1	434	177	192	1440	983	1220	395	396	173	39	47	165	238	38	44	117	0	0	0	0	0	0	0	0	10	13	20	6	15	5	9	12	0	0	0	2	3	0	0	0	1416	852	180	607	784	845	372	529	842	522	688	630	611	639	554	1008
Dictyoglomi	0	0	0	0	0	0	0	0	0	0	0	0	0	0	1	0	28	8	6	76	22	35	90	27	736	195	637	564	348	598	725	340	368	105	67	671	414	111	70	652	0	0	0	0	0	0	0	0	11	99	27	6	4	10	42	19	0	0	0	18	4	0	19	4	41	188	120	214	110	147	129	160	298	192	273	270	295	124	143	313
Elusimicrobia	1	0	0	0	0	0	0	0	0	5	1	0	0	2	1	0	50	44	6	60	56	44	97	16	1413	292	1201	948	565	1005	1313	625	527	253	1526	1230	777	240	1766	1303	0	0	0	4	0	0	0	0	59	63	40	54	82	75	39	98	0	0	2	2	0	1	0	0	162	160	399	335	389	165	504	770	1359	3190	2735	3718	2431	1103	1114	1632
Euryarchaeota	3	5	2	5	3	9	7	3	2	7	5	4	4	4	1	2	1671	1968	2597	3966	2002	1867	4789	3416	22138	5768	21739	21491	13763	21458	22425	11137	6503	2930	5521	6551	8768	2449	6143	6837	7	187	1	4	2	2	24	1	1288	1007	974	391	921	849	953	985	66	179	391	3004	1329	156	1625	118	7324	2910	4775	10771	6132	4284	13866	24782	6770	13872	11644	18794	9770	5938	5615	7408
Fibrobacteres	0	2	0	0	4	4	0	1	0	0	5	0	0	0	4	6	828	1125	644	2534	1064	862	2721	833	4594	5288	3935	3092	3718	3481	5001	5317	2987	1651	1817	3137	3936	1576	1917	3103	0	0	0	0	0	6	4	0	1121	652	701	245	1142	874	716	1101	1	0	6	16	11	2	19	0	3195	3669	2696	3641	3069	3435	3205	4488	2823	4129	5864	5042	4966	3050	2874	3117
Firmicutes	264646	65650	26477	21346	351813	83201	38972	34716	3319771	2203138	10031207	4724002	6691652	8429634	2617687	4890953	9707109	10910372	9407353	18519121	11433905	10923185	24058980	12776584	11373982	6822253	12660785	10421110	8185734	12359787	12642672	8049428	13577218	9609687	5783040	9705567	17545121	8269962	6094706	9669069	11392	192100	6328	5614	4921	4984	21333	14581	7658694	5358557	5868593	3490641	7067390	6509994	5836322	8100400	1523601	3917812	8668707	10127033	13843914	3051233	10854079	1090581	11334195	9286169	5243910	9283487	8412855	9785714	7236708	10564318	17129666	19622135	23966614	24893573	21067701	15183713	14318922	19244860
Fusobacteria	43	46	65	65	86	78	86	59	77	92	122	66	86	82	97	117	3240	4439	4419	5615	4796	3489	7797	6272	47446	15665	53546	217281	139001	161275	58100	27077	321836	119981	249471	112435	409854	107462	277480	114088	108	904	50	68	52	54	113	45	3058	2256	2560	1865	3277	2586	2386	3481	223	472	3432	4847	4811	425	4315	349	37934	797021	44974	572472	37330	528394	183889	343142	390146	148058	190889	184490	167670	217757	210215	441083
Gemmatimonadetes	0	0	0	0	0	0	0	0	0	0	0	0	0	0	1	0	149	156	105	300	166	137	346	146	163	51	218	150	107	147	174	140	244	149	95	198	357	82	110	219	0	0	0	0	0	0	0	0	86	101	104	44	88	48	93	78	0	0	0	4	1	0	12	0	231	301	137	373	214	273	245	498	323	489	736	588	612	303	340	396
Ignavibacteriae	0	0	0	0	0	0	0	0	0	1	0	0	0	0	0	0	29	12	1	120	16	11	149	9	743	649	731	630	488	659	711	615	301	184	417	442	395	130	450	456	0	0	0	0	0	0	0	0	22	17	8	17	27	53	11	25	2	180	280	374	454	71	332	61	578	302	181	208	402	378	155	159	720	1148	713	1462	642	376	338	755
Kiritimatiellaeota	0	1	0	0	2	0	0	0	0	0	0	0	1	0	0	0	14	63	22	138	65	47	197	36	4609	116	4439	4065	2062	4174	3505	1255	102	127	186	106	156	77	179	88	0	0	0	0	2	0	0	2	90	16	9	5	19	71	39	25	0	1	0	1	0	2	0	0	79	82	482	149	294	48	320	186	311	662	179	843	177	84	97	333
Lentisphaerae	0	2	1	0	3	0	1	2	0	0	2	4	4	1	0	2	795	929	497	2119	949	894	2678	635	1527	2345	2231	4609	3641	4603	2214	2231	2049	3446	1474	2949	2533	2861	1725	2954	0	2	0	0	0	2	2	1	618	433	635	304	403	588	491	697	5	175	331	627	897	123	593	101	2929	2179	835	2224	1960	2448	1583	2491	2429	3558	4268	4222	3689	2233	2163	2655
Nanoarchaeota	0	0	0	0	0	0	0	0	0	0	0	0	0	0	0	0	0	2	0	0	0	0	0	0	2	2	0	2	0	0	4	2	2	3	1	0	1	0	2	4	0	0	0	0	0	0	0	0	0	0	0	0	0	0	0	0	0	0	0	0	0	0	0	0	20	143	3	49	14	73	12	35	2	6	0	9	2	4	1	2
Nitrospinae	0	0	0	0	2	0	0	0	0	0	0	0	0	0	0	0	2	20	0	24	21	4	27	4	75	34	324	205	211	253	286	78	296	365	237	56	309	303	325	50	0	2	0	0	0	0	0	0	13	8	6	6	13	0	5	4	0	0	0	0	0	0	0	0	71	53	49	56	65	71	63	83	113	297	450	419	395	211	178	109
Nitrospirae	18	7	0	29	41	6	2	46	22	163	33	37	36	50	199	25	25	21	55	70	26	14	112	78	558	352	932	1110	758	1045	964	544	300	367	153	483	434	247	178	515	0	20	0	0	1	0	0	0	41	45	26	25	40	30	53	55	1	8	502	279	93	9	311	11	487	547	204	511	421	614	376	530	624	837	892	1075	815	768	633	600
Planctomycetes	0	0	0	0	6	2	4	5	0	24	163	48	6	193	22	1	788	663	557	1905	795	807	2432	633	3150	2226	3993	3390	2505	3927	3127	1956	2988	1519	4550	3774	3992	1330	5559	3998	1	0	0	0	0	0	1	0	474	828	407	248	436	441	477	526	2	27	14	153	2712	15	729	5	1523	2025	1306	1955	1607	1877	1707	2333	3557	8285	8293	10539	7264	3026	2686	4084
Proteobacteria	7143038	5875042	6396723	8922548	8631537	7736321	9926545	17114596	5581808	6244817	10908252	4805734	6713723	9268401	7194120	7825973	52419	63734	273079	76109	67926	58222	94604	380332	990209	212060	810818	1195849	814878	1119471	1065182	520032	760327	1050441	1471207	2341730	984937	889633	1574786	2352862	32992	2780858	21524	6803	4969	6920	239108	21400	157206	65274	39184	27852	86313	59173	81005	82484	6774181	5811794	11448060	11413680	17388074	7000359	13476952	3437743	622662	730641	652623	610119	694224	682154	516163	537485	1006302	2541055	2722488	3217399	2401899	1273321	1213876	1138218
Rhodothermaeota	0	0	0	0	0	0	0	0	0	0	0	0	0	0	0	0	0	0	0	0	0	0	0	0	4	2	10	7	2	4	14	7	23	10	0	2	18	10	6	8	0	0	0	0	0	0	0	0	0	2	0	0	0	0	0	0	0	0	0	0	0	0	0	0	0	3	1	1	0	0	0	4	5	4	11	11	24	14	7	9
Spirochaetes	62	80	73	40	250	89	64	79	124	74	316	100	88	217	83	121	4414	7047	6802	11414	7641	4959	14579	9087	293302	113997	405774	327432	233642	344049	407515	188860	56317	73681	24924	32311	71845	66658	27928	31928	29	333	27	23	20	13	40	23	4752	4224	3464	2427	4437	3769	3930	5067	137	482	829	6905	3529	361	3722	279	65136	109458	22283	69559	44791	89348	21787	27491	27600	39072	44150	49280	38904	40443	39604	31731
Synergistetes	0	1	3	5	8	1	3	7	15	6	4	7	2	1	4	23	2607	3792	8872	6731	3949	3169	8606	12280	5018	2331	5423	4476	3315	5495	5893	3205	8401	6778	4397	5960	10833	5596	4568	6138	12	3	3	0	1	2	0	4	2670	2298	2122	1663	3275	2349	2290	3262	14	16	47	1020	527	24	458	47	8502	4314	2505	4703	5632	5999	3986	5659	11319	9735	13721	12376	12189	7799	7070	12502
Tenericutes	406	100	46	40	719	135	66	71	2669	2032	7711	3876	5753	6068	2248	3677	4984	16098	5238	15068	15998	5540	18756	6859	300568	134698	485792	272368	202248	341637	443024	202168	102621	75734	30758	99457	133580	67814	34258	99515	53	458	40	36	32	21	71	33	4694	6817	3314	1309	3398	3466	4761	3990	633	1969	1929	3850	4245	1537	3200	888	113160	54692	69376	64114	96985	72685	69532	86258	43465	173856	170710	215023	149070	64243	62777	48992
Thaumarchaeota	0	0	0	0	0	0	0	0	0	0	0	0	0	0	0	0	0	7	1	29	1	0	14	2	95	3	107	199	121	180	186	30	38	3	6	30	57	2	4	14	0	0	0	0	0	0	0	0	26	27	18	22	63	28	27	44	0	0	0	0	0	0	0	0	87	100	11	66	63	87	20	12	10	45	39	59	49	18	31	14
Thermodesulfobacteria	0	0	0	0	1	0	0	0	0	0	0	0	0	0	0	0	5	0	0	9	0	15	16	0	290	27	268	252	118	265	350	94	54	71	34	63	59	63	28	57	0	0	0	0	0	1	0	0	1	11	17	4	14	1	11	10	0	0	0	2	0	0	0	0	19	26	23	35	25	35	40	27	60	167	184	229	155	59	65	91
Thermotogae	0	2	2	3	20	0	1	0	2	0	0	2	3	2	0	4	260	487	110	693	527	285	1049	170	12823	866	12062	11442	6317	11461	12691	4777	1715	819	921	1494	2373	693	1009	1385	0	2	0	0	0	2	0	0	508	379	498	220	641	694	480	821	10	57	50	481	322	28	228	10	1265	1131	1706	1245	1729	1265	1498	1553	3010	4414	4110	5740	3775	2300	2109	3531
Verrucomicrobia	17	25	32	24	148	34	24	52	39	45	32	30	55	51	44	41	1636	2560	4309	4084	2527	1960	5296	6671	231685	247539	243592	61125	118036	169299	279162	237454	125352	16369	31074	502336	162105	13950	32885	496150	30	31	16	15	39	24	17	21	3346	2800	2640	1795	4752	3474	2904	4644	14	34	39	304	94	29	175	40	48872	9083	23720	9354	37740	22163	14923	10615	9013	20502	14061	25635	12389	55523	52018	10276
candidate division CPR1	0	0	0	0	0	0	0	0	0	0	0	0	0	0	0	0	0	0	0	0	0	0	0	0	0	0	0	0	0	0	0	0	0	0	0	0	0	0	0	0	0	0	0	0	0	0	0	0	0	0	0	0	0	0	0	0	0	0	0	0	0	0	0	0	0	0	0	0	0	0	0	0	0	0	0	0	0	0	0	0
candidate division CPR2	0	0	0	0	0	0	0	0	0	0	0	0	0	0	0	0	6	4	0	13	6	4	25	0	6	2	13	50	25	34	38	5	52	3	10	3	80	6	4	24	0	0	0	0	0	0	0	0	1	15	0	2	0	1	6	2	0	0	0	0	0	0	0	0	19	12	9	12	36	20	3	6	71	288	94	406	95	33	57	92
candidate division CPR3	0	0	0	0	0	0	0	0	0	0	0	0	0	0	0	0	0	0	0	0	0	0	0	0	0	0	1	0	0	0	0	0	0	2	0	0	1	0	0	0	0	0	0	0	0	0	0	0	1	0	0	0	0	0	6	0	0	0	0	6	1	0	3	0	0	3	0	0	0	1	0	0	0	15	0	18	6	3	3	1
candidate division KD3-62	0	0	0	0	0	0	0	0	0	0	0	0	0	0	0	0	0	0	0	0	0	0	0	0	44	93	108	87	62	87	92	84	8	3	6	10	3	1	6	8	0	0	0	0	0	0	0	0	0	0	0	0	0	0	0	0	0	0	0	0	0	0	0	0	0	24	6	28	11	14	40	51	4	34	25	48	39	17	17	32
candidate division LCP-89	0	0	0	0	0	0	0	0	1	0	0	0	0	0	0	0	0	0	0	0	0	0	0	0	0	2	2	6	13	12	4	8	64	22	4	2	105	24	0	3	0	0	0	0	0	0	0	0	0	0	0	0	2	6	0	0	0	0	0	0	0	0	0	0	4	5	9	1	10	0	7	4	10	8	2	28	2	2	1	7
candidate division NC10	0	0	0	1	0	0	0	0	0	0	1	0	0	0	0	0	0	40	6	43	39	0	48	7	486	240	36	541	447	465	385	392	30	21	12	34	37	37	3	52	0	2	0	0	0	0	0	0	1	22	63	19	85	138	44	117	0	0	0	0	0	0	1	0	649	316	188	235	482	446	150	151	33	35	65	36	55	18	29	29
candidate division WOR-3	0	0	0	0	0	0	0	0	0	0	0	0	0	0	0	0	3	0	0	0	0	1	0	0	52	36	2	22	28	38	22	30	17	9	6	20	10	0	13	10	0	0	0	0	0	0	0	0	0	0	1	0	0	0	0	0	0	0	0	0	0	0	0	0	20	8	13	56	15	11	54	123	15	9	14	28	23	1	3	21
candidate division WWE3	0	0	0	0	1	1	0	0	0	0	0	0	0	0	0	0	7	5	0	21	8	19	31	2	5	21	71	10	14	23	33	12	85	35	372	226	105	29	341	233	0	0	0	0	0	0	1	0	2	3	1	0	6	2	5	3	0	0	0	0	0	0	0	0	30	70	26	109	36	52	135	225	265	660	460	753	402	160	163	224
candidate division Zixibacteria	0	0	0	0	2	0	0	0	0	0	0	0	0	0	0	0	9	46	15	76	54	6	94	8	18	10	31	26	42	29	26	19	69	77	385	283	95	78	363	298	0	2	0	0	0	0	0	0	21	4	76	13	2	23	42	27	0	0	0	0	0	0	2	0	67	49	13	25	27	55	31	29	476	710	513	827	464	257	191	470
