Sample ID	Assembly	Data production					
		Read  length (bp)	# of raw reads	 Raw data (Gb)	% Host DNA	# of  high quality reads	High quality data (Gb)
AHCeC1	MEGAHIT	150	95,976,412 	14.40 	44.34	50,486,024 	7.54 
AHCeC2	MEGAHIT	150	108,003,296 	16.20 	42.84	58,230,730 	8.69 
AHCeC3	MEGAHIT	150	97,267,194 	14.59 	35.09	58,945,672 	8.79 
AHCeC4	MEGAHIT	150	92,045,328 	13.81 	9.47	79,513,718 	11.87 
AHCeC5	MEGAHIT	150	96,647,406 	14.50 	48.46	46,517,494 	6.94 
AHCeC6	MEGAHIT	150	102,920,300 	15.44 	12.92	85,405,096 	12.76 
AHCeC7	MEGAHIT	150	100,500,752 	15.08 	21.56	74,792,506 	11.17 
CeC1	MEGAHIT	150	91,239,692 	13.69 	77.51	16,857,800 	2.51 
CeC105	MEGAHIT	150	158,528,532 	23.78 	86.05	17,834,580 	2.65 
CeC108	MEGAHIT	150	70,132,844 	10.52 	83.8	9,373,048 	1.39 
CeC112	MEGAHIT	150	60,706,888 	9.11 	90.71	4,867,716 	0.72 
CeC113	MEGAHIT	150	77,153,880 	11.57 	92.98	4,414,536 	0.66 
CeC123	MEGAHIT	150	80,803,278 	12.12 	94.82	3,500,078 	0.52 
CeC124	MEGAHIT	150	73,651,634 	11.05 	96.74	1,963,392 	0.29 
CeC139	MEGAHIT	150	93,044,620 	13.96 	82.24	13,411,440 	2.00 
CeC149	MEGAHIT	150	104,626,940 	15.69 	79.84	17,368,352 	2.59 
CeC161	MEGAHIT	150	85,875,558 	12.88 	74.49	17,896,836 	2.67 
CeC164	MEGAHIT	150	96,883,454 	14.53 	65.88	25,164,894 	3.75 
CeC166	MEGAHIT	150	144,188,578 	21.63 	86.24	14,533,976 	2.17 
CeC186	MEGAHIT	150	85,174,406 	12.78 	82.71	11,079,648 	1.65 
CeC192	MEGAHIT	150	135,158,990 	20.27 	34.51	80,547,624 	12.02 
CeC198	MEGAHIT	150	179,590,800 	26.94 	93.41	7,177,454 	1.07 
CeC200	MEGAHIT	150	80,438,128 	12.07 	65.66	22,044,994 	3.28 
CeC28	MEGAHIT	150	161,635,046 	24.25 	92.57	8,877,382 	1.32 
CeC35	MEGAHIT	150	70,076,466 	10.51 	76.01	13,555,488 	2.01 
CeC38	MEGAHIT	150	245,828,938 	36.87 	67.99	24,586,634 	3.68 
CeC41	MEGAHIT	150	77,227,648 	11.58 	88.33	7,742,368 	1.15 
CeC42	MEGAHIT	150	95,506,086 	14.33 	92.99	5,427,274 	0.81 
CeC51	MEGAHIT	150	85,395,574 	12.81 	79.69	13,622,752 	2.03 
CeC6	MEGAHIT	150	171,438,434 	25.72 	78.62	24,140,398 	3.60 
CeC61	MEGAHIT	150	81,116,658 	12.17 	86.53	8,603,934 	1.28 
CeC66	MEGAHIT	150	97,918,774 	14.69 	88.31	9,087,588 	1.35 
CeC67	MEGAHIT	150	164,361,792 	24.65 	74.09	26,328,408 	3.93 
CeC68	MEGAHIT	150	137,956,754 	20.69 	91.39	9,376,468 	1.40 
CeC69	MEGAHIT	150	80,018,412 	12.00 	91.73	5,386,194 	0.80 
CeC70	MEGAHIT	150	77,902,804 	11.69 	97.73	1,477,918 	0.22 
CeC89	MEGAHIT	150	159,519,588 	23.93 	87.31	13,064,068 	1.95 
FJCeC1	MEGAHIT	150	84,298,040 	12.64 	27.99	57,276,332 	8.56 
FJCeC2	MEGAHIT	150	84,596,958 	12.69 	11.43	71,690,958 	10.72 
FJCeC3	MEGAHIT	150	80,845,511 	12.13 	10.91	68,945,662 	10.31 
FJCeC4	MEGAHIT	150	88,540,334 	13.28 	26.27	62,220,666 	9.30 
FJCeC5	MEGAHIT	150	91,793,336 	13.77 	8.69	80,244,004 	12.00 
FJCeC6	MEGAHIT	150	85,010,966 	12.75 	33.79	53,366,466 	7.98 
GZCeC-10	MEGAHIT	150	147,277,850 	22.09 	69.81	35,259,798 	5.26 
GZCeC-24	MEGAHIT	150	157,424,956 	23.61 	98.92	1,392,738 	0.21 
GZCeC-25	MEGAHIT	150	153,396,858 	23.01 	97.99	2,500,548 	0.37 
GZCeC-26	MEGAHIT	150	158,401,838 	23.76 	76.71	28,506,442 	4.25 
GZCeC-27	MEGAHIT	150	148,181,902 	22.23 	99.64	451,716 	0.07 
GZCeC-28	MEGAHIT	150	166,683,066 	25.00 	96.04	5,183,990 	0.77 
GZCeC-29	MEGAHIT	150	163,059,808 	24.46 	98.27	2,329,626 	0.35 
GZCeC-30	MEGAHIT	150	157,589,122 	23.64 	93.32	7,151,572 	1.07 
GZCeC-6	MEGAHIT	150	152,764,386 	22.91 	94.47	6,674,096 	0.99 
GZCeC-7	MEGAHIT	150	170,219,144 	25.53 	99.07	1,284,132 	0.19 
GZCeC-8	MEGAHIT	150	171,902,936 	25.79 	96.05	5,527,026 	0.82 
GZCeC-9	MEGAHIT	150	138,624,052 	20.79 	96.9	3,434,866 	0.51 
HBCeC1	MEGAHIT	150	153,167,160 	22.98 	79.9	25,317,576 	3.77 
HBCeC2	MEGAHIT	150	155,532,726 	23.33 	70.5	37,165,462 	5.54 
HBCeC3	MEGAHIT	150	174,001,856 	26.10 	74.57	35,551,354 	5.30 
HBCeC4	MEGAHIT	150	152,066,004 	22.81 	67.97	38,493,768 	5.74 
HBCeC5	MEGAHIT	150	143,689,130 	21.55 	81.19	21,295,782 	3.17 
HBCeC6	MEGAHIT	150	148,420,334 	22.26 	72.51	32,233,632 	4.80 
HEBCeC-10	MEGAHIT	150	148,048,870 	22.21 	94.89	5,938,886 	0.88 
HEBCeC-15	MEGAHIT	150	137,860,394 	20.68 	63.18	39,728,862 	5.92 
HEBCeC-17	MEGAHIT	150	155,551,596 	23.33 	30.28	85,658,400 	12.80 
HEBCeC-18	MEGAHIT	150	154,962,584 	23.24 	32.95	77,910,456 	11.64 
HEBCeC-21	MEGAHIT	150	139,122,636 	20.87 	26.87	78,898,458 	11.79 
HEBCeC-22	MEGAHIT	150	140,752,228 	21.11 	92.44	7,629,208 	1.14 
HEBCeC-25	MEGAHIT	150	134,507,020 	20.18 	28.91	78,747,180 	11.77 
HEBCeC-30	MEGAHIT	150	148,371,730 	22.26 	60.47	43,821,298 	6.54 
HEBCeC-4	MEGAHIT	150	146,410,282 	21.96 	86.41	15,951,068 	2.38 
HEBCeC-5	MEGAHIT	150	149,393,196 	22.41 	90.7	11,150,780 	1.66 
HEBCeC-7	MEGAHIT	150	150,702,264 	22.61 	63.44	44,800,408 	6.69 
HEBCeC-8	MEGAHIT	150	146,710,140 	22.01 	89.07	12,466,546 	1.86 
HNCeC10	MEGAHIT	150	140,921,308 	21.14 	15.87	96,771,170 	14.45 
HNCeC11	MEGAHIT	150	136,764,698 	20.51 	17.44	89,784,066 	13.40 
HNCeC12	MEGAHIT	150	169,750,484 	25.46 	53.84	60,403,142 	9.02 
HNCeC13	MEGAHIT	150	156,654,088 	23.50 	17.92	100,093,570 	14.96 
HNCeC14	MEGAHIT	150	168,808,110 	25.32 	63.1	45,696,664 	6.81 
HNCeC15	MEGAHIT	150	148,523,544 	22.28 	17.26	97,936,944 	14.64 
HNCeC16	MEGAHIT	150	149,574,432 	22.44 	14.72	102,680,108 	15.35 
HNCeC17	MEGAHIT	150	139,306,062 	20.90 	18.1	90,287,050 	13.50 
HNCeC18	MEGAHIT	150	146,397,270 	21.96 	17.41	95,117,534 	14.20 
HNCeC4	MEGAHIT	150	133,143,462 	19.97 	13.93	98,759,472 	14.77 
HNCeC5	MEGAHIT	150	142,098,016 	21.31 	14.42	102,847,914 	15.37 
HNCeC6	MEGAHIT	150	139,874,108 	20.98 	14.79	100,551,426 	15.03 
HNCeC7	MEGAHIT	150	138,881,814 	20.83 	18.65	90,014,326 	13.46 
HNCeC8	MEGAHIT	150	139,950,482 	20.99 	22.28	84,565,738 	12.64 
JSCeC1	MEGAHIT	150	95,715,234 	14.36 	67.61	29,248,602 	4.37 
JSCeC2	MEGAHIT	150	94,133,314 	14.12 	20.01	71,910,582 	10.75 
JSCeC3	MEGAHIT	150	136,079,956 	20.41 	35.03	84,191,478 	12.58 
JSCeC4	MEGAHIT	150	84,680,418 	12.70 	34.36	52,407,232 	7.83 
JSCeC5	MEGAHIT	150	100,498,164 	15.07 	42.99	53,890,942 	8.05 
JSCeC6	MEGAHIT	150	86,293,610 	12.94 	48.54	41,987,146 	6.27 
MD14d_CeC_1	MEGAHIT	150	51,526,882 	7.73 	68.91	15,268,400 	2.28 
MD14d_CeC_2	MEGAHIT	150	59,195,168 	8.88 	66.34	18,984,810 	2.84 
MD14d_CeC_3	MEGAHIT	150	51,332,798 	7.70 	51.13	23,924,554 	3.57 
MD14d_CeC_4	MEGAHIT	150	57,613,738 	8.64 	48.35	28,561,660 	4.27 
MD14d_CeC_5	MEGAHIT	150	56,067,292 	8.41 	62.96	19,903,396 	2.98 
MD14d_CeC_6	MEGAHIT	150	51,979,062 	7.80 	65.51	17,125,172 	2.56 
MD14d_CeC_7	MEGAHIT	150	67,364,638 	10.10 	42.87	37,113,136 	5.55 
MD14d_CeC_8	MEGAHIT	150	66,724,100 	10.01 	49.34	32,465,948 	4.85 
MD3d_CeC_1	MEGAHIT	150	60,532,232 	9.08 	82.17	10,161,322 	1.52 
MD3d_CeC_2	MEGAHIT	150	63,879,208 	9.58 	86.52	8,193,688 	1.22 
MD3d_CeC_3	MEGAHIT	150	59,139,462 	8.87 	84.12	8,847,088 	1.32 
MD3d_CeC_4	MEGAHIT	150	56,082,312 	8.41 	77.03	12,077,718 	1.80 
MD3d_CeC_5	MEGAHIT	150	65,007,824 	9.75 	79.89	12,303,694 	1.84 
MD3d_CeC_6	MEGAHIT	150	66,858,300 	10.03 	83.19	10,632,622 	1.59 
MD3d_CeC_7	MEGAHIT	150	64,502,152 	9.68 	77.79	13,506,064 	2.02 
MD3d_CeC_8	MEGAHIT	150	71,084,018 	10.66 	65.91	22,938,908 	3.43 
MD42d_CeC1	MEGAHIT	150	53,239,232 	7.99 	47.13	26,845,566 	4.01 
MD42d_CeC2	MEGAHIT	150	64,331,844 	9.65 	75.92	14,703,090 	2.20 
MD42d_CeC3	MEGAHIT	150	47,195,658 	7.08 	29.24	32,016,434 	4.78 
MD42d_CeC4	MEGAHIT	150	59,977,678 	9.00 	52.57	27,138,692 	4.06 
MD42d_CeC5	MEGAHIT	150	54,085,356 	8.11 	28.74	36,892,960 	5.50 
MD42d_CeC6	MEGAHIT	150	58,852,164 	8.83 	42.11	32,662,788 	4.88 
MD42d_CeC7	MEGAHIT	150	58,899,732 	8.83 	38.94	34,584,074 	5.17 
MD42d_CeC8	MEGAHIT	150	63,244,954 	9.49 	66.36	20,389,794 	3.05 
MD70dCeC1	MEGAHIT	150	50,094,856 	7.51 	33.49	31,837,164 	4.76 
MD70d_CeC1	MEGAHIT	150	67,886,624 	10.18 	63.16	23,885,358 	3.57 
MD70dCeC2	MEGAHIT	150	58,650,816 	8.80 	73.58	14,794,702 	2.21 
MD70d_CeC2	MEGAHIT	150	62,528,178 	9.38 	51.9	28,817,136 	4.31 
MD70dCeC3	MEGAHIT	150	65,374,310 	9.81 	33.91	41,280,894 	6.17 
MD70d_CeC3	MEGAHIT	150	60,469,696 	9.07 	64.4	20,595,618 	3.08 
MD70dCeC4	MEGAHIT	150	64,272,620 	9.64 	74.22	15,668,950 	2.34 
MD70d_CeC4	MEGAHIT	150	63,892,598 	9.58 	52.96	28,757,634 	4.30 
MD70dCeC5	MEGAHIT	150	177,533,572 	26.63 	64.91	45,927,346 	6.85 
MD70d_CeC5	MEGAHIT	150	184,807,996 	27.72 	80.82	26,334,548 	3.93 
MD70dCeC6	MEGAHIT	150	184,827,474 	27.72 	86.59	18,523,578 	2.76 
MD70d_CeC6	MEGAHIT	150	179,146,032 	26.87 	75.86	32,686,962 	4.88 
MD70d_CeC7	MEGAHIT	150	202,556,126 	30.38 	66.33	49,734,294 	7.42 
MD70d_CeC8	MEGAHIT	150	185,538,522 	27.83 	87.46	16,741,116 	2.50 
MD70dCoC1	MEGAHIT	150	176,360,394 	26.45 	99.44	735,390 	0.11 
MD70dCoC2	MEGAHIT	150	162,019,804 	24.30 	99.74	324,758 	0.05 
MD70dCoC3	MEGAHIT	150	172,092,354 	25.81 	93.55	8,646,744 	1.29 
MD70dCoC4	MEGAHIT	150	176,722,536 	26.51 	95.2	6,476,736 	0.96 
MD70dCoC5	MEGAHIT	150	173,383,748 	26.01 	99.3	944,694 	0.14 
MD70dCoC7	MEGAHIT	150	151,039,056 	22.66 	93.01	8,510,684 	1.27 
MD70dduC1	MEGAHIT	150	141,525,264 	21.23 	99.67	392,908 	0.06 
MD70dduC2	MEGAHIT	150	141,274,114 	21.19 	99.74	287,964 	0.04 
MD70dduC3	MEGAHIT	150	144,163,728 	21.62 	99.72	333,150 	0.05 
MD70dduC4	MEGAHIT	150	170,984,982 	25.65 	99.63	536,922 	0.08 
MD70dduC5	MEGAHIT	150	140,991,934 	21.15 	99.7	354,072 	0.05 
MD70dduC7	MEGAHIT	150	141,184,348 	21.18 	99.7	354,380 	0.05 
MD70dIlC1	MEGAHIT	150	147,453,874 	22.12 	99.62	453,608 	0.07 
MD70dIlC2	MEGAHIT	150	143,572,256 	21.54 	99.32	694,684 	0.10 
MD70dIlC3	MEGAHIT	150	145,693,490 	21.85 	99.7	352,708 	0.05 
MD70dIlC4	MEGAHIT	150	143,245,482 	21.49 	99.28	797,854 	0.12 
MD70dIlC5	MEGAHIT	150	143,542,870 	21.53 	99.66	369,644 	0.05 
MD70dIlC7	MEGAHIT	150	147,852,490 	22.18 	99.74	294,368 	0.04 
MD70djeC1	MEGAHIT	150	140,364,448 	21.05 	99.72	316,026 	0.05 
MD70djeC2	MEGAHIT	150	137,851,686 	20.68 	99.74	286,764 	0.04 
MD70djeC3	MEGAHIT	150	137,393,486 	20.61 	99.73	295,494 	0.04 
MD70djeC4	MEGAHIT	150	140,315,586 	21.05 	99.72	313,992 	0.05 
MD70djeC5	MEGAHIT	150	148,633,094 	22.29 	99.73	316,260 	0.05 
MD70djeC6	MEGAHIT	150	136,468,680 	20.47 	99.73	288,130 	0.04 
MD7d_CeC_1	MEGAHIT	150	60,802,510 	9.12 	78.07	12,703,778 	1.90 
MD7d_CeC_2	MEGAHIT	150	63,179,786 	9.48 	80.52	11,735,840 	1.75 
MD7d_CeC_3	MEGAHIT	150	82,666,890 	12.40 	63.6	28,696,116 	4.29 
MD7d_CeC_4	MEGAHIT	150	42,813,810 	6.42 	67.84	13,116,296 	1.96 
MD7d_CeC_5	MEGAHIT	150	69,310,198 	10.40 	71.89	18,530,450 	2.77 
MD7d_CeC_6	MEGAHIT	150	48,834,436 	7.33 	48.47	24,032,732 	3.59 
MD7d_CeC_7	MEGAHIT	150	64,405,274 	9.66 	77.18	13,533,232 	2.01 
MD7d_CeC_8	MEGAHIT	150	72,570,336 	10.89 	73.91	18,021,028 	2.69 
PD14d_CeC_1	MEGAHIT	150	49,851,846 	7.48 	69.17	14,644,380 	2.19 
PD14d_CeC_2	MEGAHIT	150	50,471,866 	7.57 	74.33	12,372,724 	1.85 
PD14d_CeC_3	MEGAHIT	150	45,714,916 	6.86 	76.72	10,157,134 	1.52 
PD14d_CeC_4	MEGAHIT	150	44,104,512 	6.62 	83.55	6,870,194 	1.03 
PD14d_CeC_5	MEGAHIT	150	46,373,574 	6.96 	58.9	18,226,504 	2.73 
PD14d_CeC_6	MEGAHIT	150	41,163,230 	6.17 	67.21	12,780,236 	1.91 
PD14d_CeC_7	MEGAHIT	150	42,897,000 	6.43 	71.43	11,652,374 	1.74 
PD14d_CeC_8	MEGAHIT	150	58,859,160 	8.83 	68.06	17,948,554 	2.68 
PD3d_CeC_1	MEGAHIT	150	51,963,416 	7.79 	99.77	117,484 	0.02 
PD3d_CeC_2	MEGAHIT	150	59,055,714 	8.86 	92.43	4,219,184 	0.63 
PD3d_CeC_3	MEGAHIT	150	51,324,404 	7.70 	99.82	90,432 	0.01 
PD3d_CeC_4	MEGAHIT	150	42,473,680 	6.37 	99.85	60,664 	0.01 
PD3d_CeC_5	MEGAHIT	150	46,275,190 	6.94 	99.88	53,302 	0.01 
PD3d_CeC_6	MEGAHIT	150	52,040,724 	7.81 	99.82	91,512 	0.01 
PD3d_CeC_7	MEGAHIT	150	42,111,126 	6.32 	98.98	410,436 	0.06 
PD3d_CeC_8	MEGAHIT	150	49,832,864 	7.47 	99.78	104,316 	0.02 
PD42d_CeC1	MEGAHIT	150	44,437,224 	6.67 	19.63	34,554,408 	5.17 
PD42d_CeC2	MEGAHIT	150	53,163,288 	7.97 	32.33	34,462,748 	5.15 
PD42d_CeC3	MEGAHIT	150	46,254,790 	6.94 	67.29	14,412,924 	2.15 
PD42d_CeC4	MEGAHIT	150	49,718,068 	7.46 	28.26	34,423,322 	5.15 
PD42d_CeC5	MEGAHIT	150	48,743,750 	7.31 	47.33	24,722,656 	3.70 
PD42d_CeC6	MEGAHIT	150	47,787,862 	7.17 	26.19	34,078,182 	5.10 
PD42d_CeC7	MEGAHIT	150	53,838,364 	8.08 	25.3	38,894,596 	5.82 
PD42d_CeC8	MEGAHIT	150	44,336,924 	6.65 	41.26	24,862,226 	3.71 
PD70dCeC1	MEGAHIT	150	46,970,300 	7.05 	16.81	37,884,530 	5.67 
PD70d_CeC1	MEGAHIT	150	52,440,116 	7.87 	9.87	45,824,938 	6.85 
PD70dCeC2	MEGAHIT	150	63,334,502 	9.50 	7.7	57,020,360 	8.53 
PD70d_CeC2	MEGAHIT	150	44,527,050 	6.68 	21.58	33,753,666 	5.05 
PD70dCeC3	MEGAHIT	150	53,207,184 	7.98 	17.36	42,593,034 	6.37 
PD70d_CeC3	MEGAHIT	150	67,771,754 	10.17 	11.64	58,129,898 	8.69 
PD70dCeC4	MEGAHIT	150	55,645,256 	8.35 	7.23	50,177,876 	7.50 
PD70d_CeC4	MEGAHIT	150	47,442,202 	7.12 	21.69	35,823,202 	5.36 
PD70dCeC5	MEGAHIT	150	184,907,962 	27.74 	58.65	62,418,696 	9.31 
PD70d_CeC5	MEGAHIT	150	187,278,420 	28.09 	54.94	69,513,268 	10.37 
PD70dCeC6	MEGAHIT	150	194,479,718 	29.17 	53.64	73,082,028 	10.90 
PD70d_CeC6	MEGAHIT	150	180,180,322 	27.03 	53.46	68,155,850 	10.17 
PD70d_CeC7	MEGAHIT	150	171,615,446 	25.74 	55.49	62,422,292 	9.31 
PD70d_CeC8	MEGAHIT	150	168,748,510 	25.31 	59.88	55,648,312 	8.30 
PD70dCoC1	MEGAHIT	150	179,238,752 	26.89 	85.85	20,372,976 	3.04 
PD70dCoC2	MEGAHIT	150	187,050,844 	28.06 	99.79	301,812 	0.04 
PD70dCoC3	MEGAHIT	150	207,300,156 	31.10 	97.63	3,447,146 	0.51 
PD70dCoC4	MEGAHIT	150	190,564,150 	28.58 	98.74	1,903,968 	0.28 
PD70dCoC5	MEGAHIT	150	191,342,632 	28.70 	87.39	18,275,874 	2.72 
PD70dCoC6	MEGAHIT	150	179,273,734 	26.89 	99.76	334,522 	0.05 
PD70dduC1	MEGAHIT	150	139,886,072 	20.98 	99.97	37,634 	0.01 
PD70dduC2	MEGAHIT	150	143,676,112 	21.55 	99.97	44,518 	0.01 
PD70dduC3	MEGAHIT	150	141,104,924 	21.17 	99.96	46,810 	0.01 
PD70dduC4	MEGAHIT	150	146,581,270 	21.99 	99.96	49,336 	0.01 
PD70dduC5	MEGAHIT	150	143,755,580 	21.56 	99.97	45,500 	0.01 
PD70dduC6	MEGAHIT	150	139,066,120 	20.86 	99.97	43,564 	0.01 
PD70dIlC1	MEGAHIT	150	137,695,956 	20.65 	99.73	278,612 	0.04 
PD70dIlC2	MEGAHIT	150	141,697,104 	21.25 	99.95	58,198 	0.01 
PD70dIlC3	MEGAHIT	150	142,305,622 	21.35 	98.96	1,114,344 	0.16 
PD70dIlC4	MEGAHIT	150	136,352,996 	20.45 	99.9	98,930 	0.01 
PD70dIlC5	MEGAHIT	150	137,735,638 	20.66 	99.69	329,278 	0.05 
PD70dIlC6	MEGAHIT	150	143,197,682 	21.48 	99.95	60,384 	0.01 
PD70djeC1	MEGAHIT	150	143,495,280 	21.52 	99.97	42,782 	0.01 
PD70djeC2	MEGAHIT	150	143,278,610 	21.49 	99.94	74,704 	0.01 
PD70djeC3	MEGAHIT	150	145,414,626 	21.81 	99.96	48,640 	0.01 
PD70djeC4	MEGAHIT	150	143,294,112 	21.49 	99.95	58,806 	0.01 
PD70djeC5	MEGAHIT	150	144,473,428 	21.67 	99.97	45,106 	0.01 
PD70djeC6	MEGAHIT	150	139,890,560 	20.98 	99.95	57,648 	0.01 
PD7d_CeC_1	MEGAHIT	150	48,789,734 	7.32 	75.43	11,390,684 	1.70 
PD7d_CeC_2	MEGAHIT	150	49,905,704 	7.49 	71.06	13,772,238 	2.06 
PD7d_CeC_3	MEGAHIT	150	45,629,492 	6.84 	84.76	6,515,760 	0.97 
PD7d_CeC_4	MEGAHIT	150	44,619,198 	6.69 	33.04	28,692,616 	4.29 
PD7d_CeC_5	MEGAHIT	150	50,374,720 	7.56 	38.59	29,710,964 	4.44 
PD7d_CeC_6	MEGAHIT	150	58,466,400 	8.77 	23.18	43,366,060 	6.48 
PD7d_CeC_7	MEGAHIT	150	52,225,042 	7.83 	71.69	14,034,434 	2.10 
PD7d_CeC_8	MEGAHIT	150	50,187,368 	7.53 	28.91	34,100,960 	5.10 
QDCoC1	MEGAHIT	150	137,475,316 	20.62 	98.89	1,081,928 	0.16 
QDCoC14	MEGAHIT	150	152,785,384 	22.92 	98.62	1,594,542 	0.24 
QDCoC15	MEGAHIT	150	156,222,376 	23.43 	99.11	1,018,780 	0.15 
QDCoC19	MEGAHIT	150	139,287,710 	20.89 	99.78	238,708 	0.03 
QDCoC2	MEGAHIT	150	135,060,276 	20.26 	99.02	1,005,470 	0.15 
QDCoC22	MEGAHIT	150	157,538,912 	23.63 	98.46	1,944,682 	0.29 
QDCoC29	MEGAHIT	150	150,465,036 	22.57 	99.71	336,332 	0.05 
QDCoC3	MEGAHIT	150	159,327,210 	23.90 	99.87	162,858 	0.02 
QDCoC30	MEGAHIT	150	139,338,516 	20.90 	99.8	226,882 	0.03 
QDCoC31	MEGAHIT	150	143,916,050 	21.59 	99.91	97,914 	0.01 
QDCoC35	MEGAHIT	150	168,693,626 	25.30 	99.82	249,832 	0.04 
SDCeC1	MEGAHIT	150	140,187,346 	21.03 	58.66	45,663,472 	6.80 
SDCeC2	MEGAHIT	150	148,388,612 	22.26 	66.51	41,476,196 	6.18 
SDCeC3	MEGAHIT	150	136,417,202 	20.46 	67.89	33,044,818 	4.92 
SDCeC4	MEGAHIT	150	142,179,790 	21.33 	80.53	21,095,640 	3.14 
SDCeC5	MEGAHIT	150	156,317,202 	23.45 	57.73	51,053,384 	7.61 
SDCeC6	MEGAHIT	150	143,303,894 	21.50 	68.62	34,065,544 	5.07 
SDQCeC10L	MEGAHIT	150	89,777,050 	13.47 	61.64	32,077,086 	4.79 
SDQCeC11L	MEGAHIT	150	91,891,520 	13.78 	97.31	2,294,456 	0.34 
SDQCeC1L	MEGAHIT	150	142,583,554 	21.39 	15.48	98,666,768 	14.74 
SDQCeC1R	MEGAHIT	150	97,584,800 	14.64 	9.95	83,502,756 	12.47 
SDQCeC2L	MEGAHIT	150	140,473,054 	21.07 	67.77	34,600,766 	5.15 
SDQCeC3L	MEGAHIT	150	150,041,804 	22.51 	47	62,043,116 	9.25 
SDQCeC4L	MEGAHIT	150	175,882,498 	26.38 	16.49	118,982,582 	17.77 
SDQCeC4R	MEGAHIT	150	96,876,272 	14.53 	35.31	58,939,796 	8.80 
SDQCeC5L	MEGAHIT	150	99,602,674 	14.94 	92.67	6,760,476 	1.01 
SDQCeC7R	MEGAHIT	150	103,183,292 	15.48 	92.46	7,206,400 	1.08 
SDQCeC8L	MEGAHIT	150	174,085,034 	26.11 	72.3	38,152,550 	5.68 
SDQCeC8R	MEGAHIT	150	90,368,676 	13.56 	66.01	28,695,322 	4.29 
SDQCeC9L	MEGAHIT	150	165,498,104 	24.82 	52.22	66,021,004 	9.84 
SDQCeC9R	MEGAHIT	150	97,443,872 	14.62 	25.13	68,065,186 	10.16 
SDQCoC1	MEGAHIT	150	196,800,852 	29.52 	97.21	4,463,234 	0.66 
SDQCoC3	MEGAHIT	150	176,680,940 	26.50 	95.8	5,639,918 	0.84 
SDQCoC4	MEGAHIT	150	163,947,990 	24.59 	90.53	10,404,988 	1.55 
SDQCoC5	MEGAHIT	150	151,378,748 	22.71 	47.91	65,224,052 	9.72 
SDQCoC7	MEGAHIT	150	141,088,050 	21.16 	82.46	16,462,374 	2.45 
SDQCoC8	MEGAHIT	150	153,658,604 	23.05 	95.21	5,662,376 	0.84 
SDQDuC1	MEGAHIT	150	149,744,990 	22.46 	99.31	660,912 	0.10 
SDQDuC2	MEGAHIT	150	162,137,736 	24.32 	99.8	199,000 	0.03 
SDQDuC3	MEGAHIT	150	146,282,298 	21.94 	99.41	636,800 	0.09 
SDQDuC4	MEGAHIT	150	165,381,856 	24.81 	99.89	138,470 	0.02 
SDQDuC5	MEGAHIT	150	158,383,580 	23.76 	99.91	110,194 	0.02 
SDQDuC7	MEGAHIT	150	190,728,086 	28.61 	99.39	610,248 	0.09 
SDQILC1	MEGAHIT	150	138,322,378 	20.75 	41.48	66,500,630 	9.92 
SDQILC2	MEGAHIT	150	161,283,984 	24.19 	67.96	37,585,494 	5.59 
SDQILC4	MEGAHIT	150	147,799,586 	22.17 	67.84	31,695,066 	4.72 
SDQILC5	MEGAHIT	150	167,073,822 	25.06 	51.18	67,360,484 	10.04 
SDQILC8	MEGAHIT	150	157,793,428 	23.67 	96.81	4,001,356 	0.60 
SDQILC9	MEGAHIT	150	169,023,564 	25.35 	83.77	17,161,866 	2.56 
SDQJeC1	MEGAHIT	150	159,670,648 	23.95 	99.91	107,360 	0.02 
SDQJeC2	MEGAHIT	150	179,385,656 	26.91 	99.77	237,094 	0.03 
SDQJeC4	MEGAHIT	150	158,235,068 	23.74 	99.91	107,384 	0.02 
SDQJeC5	MEGAHIT	150	172,714,100 	25.91 	99.86	180,260 	0.03 
SDQJeC7	MEGAHIT	150	155,952,564 	23.39 	99.83	190,640 	0.03 
SDQJeC9	MEGAHIT	150	155,133,126 	23.27 	99.69	290,114 	0.04 
SHCeC1	MEGAHIT	150	160,507,368 	24.08 	58.09	53,390,552 	7.97 
SHCeC12	MEGAHIT	150	164,296,450 	24.64 	14.83	112,099,606 	16.77 
SHCeC15	MEGAHIT	150	184,078,402 	27.61 	56.28	57,606,196 	8.60 
SHCeC16	MEGAHIT	150	158,972,760 	23.85 	14.35	116,344,922 	17.40 
SHCeC17	MEGAHIT	150	161,875,508 	24.28 	14.17	107,654,696 	16.10 
SHCeC18	MEGAHIT	150	154,745,196 	23.21 	16.9	104,901,536 	15.69 
SHCeC24	MEGAHIT	150	214,545,710 	32.18 	13.78	146,260,028 	21.87 
SHCeC26	MEGAHIT	150	173,731,204 	26.06 	17.76	105,518,202 	15.79 
SHCeC27	MEGAHIT	150	145,090,722 	21.76 	9.79	104,109,952 	15.56 
SHCeC28	MEGAHIT	150	150,500,314 	22.58 	13.37	103,123,452 	15.42 
SHCeC4	MEGAHIT	150	157,688,080 	23.65 	54.05	56,022,724 	8.36 
SHCeC7	MEGAHIT	150	178,209,630 	26.73 	56.76	60,188,546 	8.98 
SSCeC-1	MEGAHIT	150	144,842,520 	21.73 	51.56	58,822,382 	8.76 
SSCeC-10	MEGAHIT	150	148,777,404 	22.32 	58.76	49,633,378 	7.40 
SSCeC-2	MEGAHIT	150	139,813,938 	20.97 	60.68	44,903,342 	6.69 
SSCeC-3	MEGAHIT	150	152,048,982 	22.81 	61.08	49,086,330 	7.32 
SSCeC-4	MEGAHIT	150	141,917,414 	21.29 	49.51	64,508,328 	9.60 
SSCeC-5	MEGAHIT	150	138,005,282 	20.70 	80.33	22,555,512 	3.36 
SSCeC-6	MEGAHIT	150	150,105,112 	22.52 	83.7	19,606,414 	2.92 
SSCeC-7	MEGAHIT	150	149,748,290 	22.46 	74.8	29,086,286 	4.34 
SSCeC-8	MEGAHIT	150	144,072,530 	21.61 	77.26	26,450,192 	3.94 
SSCeC-9	MEGAHIT	150	164,036,360 	24.61 	61.91	51,420,698 	7.67 
SXCeC1	MEGAHIT	150	85,534,096 	12.83 	61.53	31,018,370 	4.63 
SXCeC2	MEGAHIT	150	88,577,286 	13.29 	40.87	49,626,744 	7.42 
SXCeC3	MEGAHIT	150	95,126,794 	14.27 	54.43	41,052,462 	6.13 
SXCeC4	MEGAHIT	150	85,093,592 	12.76 	39.16	48,852,878 	7.30 
SXCeC5	MEGAHIT	150	88,578,266 	13.29 	54.47	37,877,180 	5.66 
SXCeC6	MEGAHIT	150	83,317,926 	12.50 	44.24	44,075,878 	6.59 
WFHCeC11L	MEGAHIT	150	88,283,276 	13.24 	13.89	72,589,512 	10.85 
WFHCeC12L	MEGAHIT	150	84,220,466 	12.63 	11.83	70,606,902 	10.55 
WFHCeC13L	MEGAHIT	150	82,641,588 	12.40 	12.35	68,928,002 	10.30 
WFHCeC14L	MEGAHIT	150	89,066,250 	13.36 	9.25	77,270,440 	11.55 
WFHCeC16L	MEGAHIT	150	90,685,664 	13.60 	10.05	77,841,684 	11.63 
WFHCeC1L	MEGAHIT	150	93,903,654 	14.09 	19.93	71,259,514 	10.64 
WFHCeC21L	MEGAHIT	150	83,082,018 	12.46 	10.96	70,670,518 	10.56 
WFHCeC22L	MEGAHIT	150	86,236,970 	12.94 	10.6	73,764,454 	11.03 
WFHCeC23L	MEGAHIT	150	84,540,496 	12.68 	12.69	70,582,058 	10.55 
WFHCeC24L	MEGAHIT	150	82,873,554 	12.43 	12.4	69,502,824 	10.39 
WFHCeC25L	MEGAHIT	150	85,305,900 	12.80 	13.67	70,090,866 	10.48 
WFHCeC2L	MEGAHIT	150	88,759,270 	13.31 	19.79	67,362,408 	10.06 
WFHCeC3L	MEGAHIT	150	84,183,220 	12.63 	38.71	46,099,632 	6.88 
WFHCeC4L	MEGAHIT	150	99,933,038 	14.99 	42.3	54,379,110 	8.12 
WFHCeC6L	MEGAHIT	150	87,281,020 	13.09 	20.35	65,879,562 	9.84 
WHYCeC1L	MEGAHIT	150	170,832,088 	25.62 	45.5	74,391,370 	11.11 
WHYCeC1R	MEGAHIT	150	101,870,996 	15.28 	14.92	82,030,976 	12.25 
WHYCeC2L	MEGAHIT	150	158,656,438 	23.80 	53.65	60,492,386 	9.03 
WHYCeC2R	MEGAHIT	150	101,498,972 	15.22 	15.1	81,520,520 	12.17 
WHYCeC3L	MEGAHIT	150	202,120,826 	30.32 	17	127,169,860 	19.02 
WHYCeC3R	MEGAHIT	150	89,677,244 	13.45 	17.31	69,900,412 	10.44 
WHYCeC4L	MEGAHIT	150	157,866,738 	23.68 	53.55	59,570,674 	8.90 
WHYCeC4R	MEGAHIT	150	94,875,620 	14.23 	12.39	78,891,394 	11.78 
WHYCeC5L	MEGAHIT	150	174,711,130 	26.21 	48.97	76,369,458 	11.41 
WHYCeC5R	MEGAHIT	150	91,956,138 	13.79 	39.17	52,670,678 	7.87 
WHYCeC6L	MEGAHIT	150	158,753,376 	23.81 	54.21	59,669,638 	8.91 
WHYCeC6R	MEGAHIT	150	99,669,340 	14.95 	17.3	77,960,128 	11.64 
WHYCeC7L	MEGAHIT	150	154,395,682 	23.16 	14.56	111,556,732 	16.68 
WHYCeC7R	MEGAHIT	150	88,095,286 	13.21 	17.05	69,104,964 	10.31 
WHYCeC8	MEGAHIT	150	160,776,732 	24.12 	99.53	636,122 	0.09 
WHYCoC1	MEGAHIT	150	186,553,498 	27.98 	75.13	33,709,532 	5.03 
WHYCoC2	MEGAHIT	150	157,301,676 	23.60 	85.75	11,405,688 	1.70 
WHYCoC3	MEGAHIT	150	141,128,566 	21.17 	24.59	84,309,872 	12.60 
WHYCoC5	MEGAHIT	150	175,650,990 	26.35 	97.58	3,259,772 	0.49 
WHYCoC6	MEGAHIT	150	160,408,268 	24.06 	76.55	23,040,672 	3.43 
WHYCoC7	MEGAHIT	150	151,621,448 	22.74 	63.81	41,159,696 	6.14 
WHYDuC1	MEGAHIT	150	197,809,792 	29.67 	99.86	194,232 	0.03 
WHYDuC2	MEGAHIT	150	173,316,518 	26.00 	99.85	161,532 	0.02 
WHYDuC6	MEGAHIT	150	175,885,494 	26.38 	99.89	156,422 	0.02 
WHYDuC7	MEGAHIT	150	154,713,500 	23.21 	99.9	110,252 	0.02 
WHYDuC8	MEGAHIT	150	152,259,648 	22.84 	99.9	106,222 	0.02 
WHYILC1	MEGAHIT	150	188,374,770 	28.26 	99.88	180,260 	0.03 
WHYILC3	MEGAHIT	150	141,430,310 	21.21 	77.67	19,046,284 	2.84 
WHYILC4	MEGAHIT	150	147,248,564 	22.09 	99.7	337,882 	0.05 
WHYILC5	MEGAHIT	150	165,221,498 	24.78 	99.51	630,924 	0.09 
WHYILC6	MEGAHIT	150	138,135,360 	20.72 	92.84	6,821,496 	1.01 
WHYILC8	MEGAHIT	150	151,483,254 	22.72 	99.89	129,278 	0.02 
WHYJeC1	MEGAHIT	150	210,693,128 	31.60 	99.16	538,866 	0.08 
WHYJeC2	MEGAHIT	150	203,778,364 	30.57 	99.87	168,096 	0.02 
WHYJeC3	MEGAHIT	150	138,821,112 	20.82 	99.9	120,010 	0.02 
WHYJeC5	MEGAHIT	150	165,865,628 	24.88 	99.9	139,128 	0.02 
WHYJeC7	MEGAHIT	150	157,073,926 	23.56 	99.94	75,098 	0.01 
WHYJeC8	MEGAHIT	150	150,475,680 	22.57 	99.92	98,540 	0.01 
WNCeC1L	MEGAHIT	150	142,469,696 	21.37 	44.12	54,440,746 	8.13 
WNCeC2L	MEGAHIT	150	150,787,586 	22.62 	81.78	21,076,882 	3.15 
WNFCeC1L	MEGAHIT	150	159,248,700 	23.89 	95.34	6,208,110 	0.93 
WNFCeC2L	MEGAHIT	150	140,921,220 	21.14 	99.02	1,153,268 	0.17 
WNFCeC3L	MEGAHIT	150	141,472,860 	21.22 	76.03	24,167,874 	3.61 
WNFCeC4L	MEGAHIT	150	153,780,294 	23.07 	57.55	51,534,390 	7.68 
