Sample ID	 Assembly  								Gene prediction				Map to RGMGC	
	 # of contigs 	Total length (bp)	% GC content	Largest length (bp)	 Average length (bp) 	 Contig N50 (bp) 	 Contig N90 (bp) 	% reads assembled 	# of ORFs	Average length (bp)	Total length(bp)	% of  complete ORFs	# of mapped reads	% mapped ratio
AHCeC1	337364	484905779	0.480411	522126	1437.34	1825	611	0.6483	691168	635.61	439313292.5	0.338684661	48506970	0.9608
AHCeC2	367958	549912378	0.480268	374255	1494.5	2050	614	0.6461	773484	644.29	498348006.4	0.359452814	55953908	0.9609
AHCeC3	329432	489760488	0.472137	438456	1486.68	2034	614	0.6555	692111	641.56	444030733.2	0.357487455	56847206	0.9644
AHCeC4	374275	586943876	0.481976	611217	1568.22	2225	626	0.6435	814518	653.2	532043157.6	0.378137745	76786396	0.9657
AHCeC5	276127	419848216	0.465815	362982	1520.49	2128	615	0.6543	583728	653.25	381320316	0.365139243	44996370	0.9673
AHCeC6	471664	726305202	0.488214	611155	1539.88	2134	626	0.6422	1014457	646.59	655937751.6	0.366299409	82176782	0.9622
AHCeC7	454975	709892605	0.474911	485880	1560.29	2185	627	0.6431	986543	653.46	644666388.8	0.369253038	71778368	0.9597
CeC1	134692	170326361	0.4932	262957	1264.56	1459	584	0.7469	248561	619.95	154095392	0.298474016	8160860	0.9682
CeC105	124616	173859359	0.4823	279384	1395.16	1768	602	0.7243	246162	627.69	154513425.8	0.346820387	8565948	0.9606
CeC108	84516	95349625	0.4724	127143	1128.18	1177	570	0.7381	147995	578.05	85548509.75	0.268380689	4535617	0.9678
CeC112	44941	43590830	0.4688	38785	969.95	974	552	0.7272	69784	571.88	39908073.92	0.18439757	2340884	0.9618
CeC113	42137	40369846	0.4967	39638	958.06	971	553	0.7355	64062	577.37	36987476.94	0.15990759	2126702	0.9635
CeC123	33247	29245366	0.4838	53477	879.63	861	542	0.7144	49002	541.59	26538993.18	0.14997347	1679512	0.9597
CeC124	16758	18588985	0.4757	30933	1109.26	1193	572	0.7211	26893	621.33	16709427.69	0.217045328	919554	0.9367
CeC139	133069	149384383	0.4819	119089	1122.6	1199	575	0.7354	228498	590.93	135026323.1	0.245511996	6509242	0.9707
CeC149	156092	199355174	0.4766	241112	1277.16	1478	591	0.7473	289246	624.44	180616772.2	0.298527897	8432334	0.971
CeC161	144857	186881627	0.4804	239576	1290.11	1525	588	0.7516	271212	630.08	170885257	0.302383375	8667437	0.9686
CeC164	211150	244711455	0.511506	263621	1158.95	1237	572	0.7897	370834	607.63	225329863.4	0.253817072	24608748	0.9779
CeC166	133210	149497338	0.5038	67904	1122.26	1216	571	0.7486	225156	610.22	137394694.3	0.226460765	7061332	0.9717
CeC186	91799	118452419	0.4916	311724	1290.34	1520	592	0.7554	165606	651.99	107973455.9	0.280611814	5416285	0.9777
CeC192	375851	590635601	0.479363	417162	1571.46	2216	634	0.6877	802392	672.08	539271615.4	0.376317311	78598370	0.9758
CeC198	59464	80846887	0.4816	192438	1359.59	1618	608	0.7633	109191	681.44	74407115.04	0.30644467	3529513	0.9835
CeC200	171774	221472488	0.491589	216341	1289.32	1469	587	0.7745	321430	623.08	200276604.4	0.310272843	21608502	0.9802
CeC28	88883	95440003	0.4965	119473	1073.77	1116	569	0.745	145064	599.51	86967318.64	0.213016324	4307305	0.9704
CeC35	112354	138525014	0.4917	152252	1232.93	1420	577	0.7626	200577	634.66	127298198.8	0.272763079	6583222	0.9713
CeC38	160075	181116697	0.480336	78900	1131.45	1218	572	0.8967	275481	594.54	163784473.7	0.256151967	24370270	0.9912
CeC41	78305	79223070	0.4761	88932	1011.72	1035	560	0.7125	125114	574.67	71899262.38	0.194150934	3732208	0.9641
CeC42	55585	50910735	0.4736	38824	915.9	910	549	0.7353	84411	549.7	46400726.7	0.161294144	2617845	0.9647
CeC51	115114	137438909	0.4813	143529	1193.93	1319	579	0.7478	201262	623.54	125494907.5	0.2595721	6628831	0.9732
CeC6	193240	254805857	0.478337	193923	1318.6	1531	601	0.7247	364615	639.45	233153061.8	0.307705388	23503090	0.9736
CeC61	88838	90418810	0.4942	89463	1017.79	1036	558	0.7628	142175	585.66	83266210.5	0.195203095	4179791	0.9716
CeC66	62734	92916300	0.485	188533	1481.11	1886	627	0.7649	123552	688.89	85113737.28	0.338319088	4445648	0.9784
CeC67	192133	244876755	0.504127	328168	1274.52	1486	583	0.7944	354543	636.39	225627619.8	0.288486869	25770244	0.9788
CeC68	90796	101512383	0.4923	116623	1118.02	1189	570	0.7609	151769	614.68	93289368.92	0.231292293	4542898	0.969
CeC69	53183	51822512	0.4784	119381	974.41	976	552	0.732	83400	566.15	47216910	0.189244604	2596684	0.9642
CeC70	8440	6535386	0.4618	118956	774.33	729	529	0.7222	10954	511.96	5608009.84	0.124064269	700828	0.9484
CeC89	131643	135150450	0.4755	245158	1026.64	1047	562	0.7469	214685	578.31	124154482.4	0.206800661	6347830	0.9718
FJCeC1	305781	495982758	0.508349	516010	1622.02	2411	635	0.6796	665166	681.4	453244112.4	0.378213859	55850150	0.9751
FJCeC2	391521	646765694	0.501894	638831	1651.93	2437	649	0.6784	862282	678.87	585377381.3	0.374914471	70020558	0.9767
FJCeC3	368541	582881536	0.515178	510875	1581.59	2289	631	0.6872	790495	670.28	529852988.6	0.361372305	67194442	0.9746
FJCeC4	357919	568967304	0.494652	537157	1589.65	2228	641	0.6827	764056	673.72	514759808.3	0.360419917	60876698	0.9784
FJCeC5	398661	638434852	0.509209	445225	1601.45	2305	639	0.6498	870519	667.36	580949559.8	0.369098205	77684220	0.9681
FJCeC6	366534	568537772	0.498207	277491	1551.12	2134	643	0.6473	772163	666.38	514553979.9	0.347821639	51690758	0.9686
GZCeC-10	177091	265608290	0.487911	354573	1499.84	2016	617	0.7695	356663	684.3	244064490.9	0.351558754	34745004	0.9854
GZCeC-24	15200	13149082	0.4568	13778	865.07	826	542	0.6332	19460	564.36	10982445.6	0.124511819	615520	0.8839
GZCeC-25	10781	11013641	0.3965	32888	1021.57	1002	549	0.6704	15720	595.33	9358587.6	0.223155216	1140124	0.9119
GZCeC-26	138353	217893572	0.48832	438561	1574.91	2397	616	0.7623	283674	702.11	199170352.1	0.367079817	27930610	0.9798
GZCeC-27	2300	1705309	0.4294	8034	741.43	713	528	0.4964	2251	361.88	814591.88	0.173256331	185971	0.8234
GZCeC-28	18993	34865068	0.4213	485435	1835.67	3342	661	0.7611	41585	772.91	32141462.35	0.441433209	2523825	0.9737
GZCeC-29	28764	22333983	0.4308	43231	776.45	746	535	0.5564	33471	550.05	18410723.55	0.08741896	935810	0.8034
GZCeC-30	42132	58783543	0.4568	512933	1395.22	1762	610	0.7604	79972	678.42	54254604.24	0.32300055	3472445	0.9711
GZCeC-6	50448	66293872	0.4776	221775	1314.1	1561	592	0.7394	89680	677.21	60732192.8	0.282236842	3232264	0.9686
GZCeC-7	7076	6197971	0.4626	9720	875.91	853	542	0.6307	9440	532.56	5027366.4	0.155402542	571888	0.8907
GZCeC-8	43790	52777138	0.4829	66474	1205.23	1342	582	0.7163	76097	598.41	45537205.77	0.297607002	2626719	0.9505
GZCeC-9	23043	22750619	0.4298	58178	987.31	959	547	0.6609	32590	607.27	19790929.3	0.212365756	1517695	0.8837
HBCeC1	141763	240605929	0.486088	449690	1697.24	2687	651	0.7492	314896	688.66	216856279.4	0.418068188	24689700	0.9752
HBCeC2	184760	312484388	0.494464	514031	1691.3	2621	645	0.7632	406252	700.96	284766401.9	0.408546912	36477900	0.9815
HBCeC3	190132	309780227	0.490476	568374	1629.29	2381	637	0.7639	408649	687.67	281015657.8	0.396601974	34843882	0.9801
HBCeC4	140046	275778863	0.495758	499639	1969.2	3838	685	0.7676	349199	710.06	247952241.9	0.472718994	37677700	0.9788
HBCeC5	120992	206756423	0.490557	453751	1708.84	2624	649	0.7393	269111	699.02	188113971.2	0.409436998	20799590	0.9767
HBCeC6	156099	274087003	0.49074	446508	1755.85	2960	646	0.7593	357097	693.12	247511072.6	0.430468472	31514822	0.9777
HEBCeC-10	62478	67253550	0.4493	56242	1076.43	1161	583	0.7091	93306	628.76	58667080.56	0.192495659	2801966	0.9436
HEBCeC-15	193066	266734691	0.48827	371235	1381.57	1700	604	0.7619	368303	662.19	243886563.6	0.31287011	39184576	0.9863
HEBCeC-17	394920	515181424	0.480436	307896	1304.52	1530	591	0.8125	737748	640.49	472520216.5	0.298629071	84570538	0.9873
HEBCeC-18	424026	555451227	0.492775	341161	1309.95	1538	593	0.8118	804719	634.67	510731007.7	0.305565048	77006694	0.9884
HEBCeC-21	306111	406410889	0.49268	201043	1327.66	1590	600	0.8127	583237	640.94	373819922.8	0.305546459	78267270	0.992
HEBCeC-22	53555	68773423	0.441	198605	1284.16	1496	583	0.7388	94578	662.32	62640900.96	0.288396879	3716187	0.9742
HEBCeC-25	422020	568061325	0.499248	372202	1346.05	1634	597	0.7993	806655	646.02	521115263.1	0.309536295	77613220	0.9856
HEBCeC-30	248712	327193937	0.499398	283150	1315.55	1551	605	0.7588	457448	657.51	300776634.5	0.285488187	43177124	0.9853
HEBCeC-4	85216	135879081	0.45	102475	1594.52	2610	617	0.7353	168376	724.35	121963155.6	0.354658621	7611849	0.9544
HEBCeC-5	67696	107194208	0.4468	138025	1583.46	2489	627	0.7321	127797	745.84	95316114.48	0.333771528	5283797	0.9477
HEBCeC-7	259042	362343612	0.47525	382881	1398.78	1747	614	0.7762	493884	666.79	329316912.4	0.327115274	43577356	0.9727
HEBCeC-8	73920	114068407	0.4579	73977	1543.13	2533	611	0.7409	138228	731.79	101153868.1	0.332877565	5952152	0.9549
HNCeC10	525763	689323407	0.520163	398496	1311.09	1573	595	0.8285	1004309	626.53	629229717.8	0.298499765	95822812	0.9902
HNCeC11	544768	689207886	0.510899	233136	1265.14	1483	590	0.8365	1007402	625.53	630160173.1	0.284566638	88949074	0.9907
HNCeC12	369455	459029983	0.482578	207603	1242.45	1419	586	0.7689	671651	621.51	417437813	0.273920533	59195078	0.98
HNCeC13	457309	589333173	0.485916	342911	1288.7	1528	594	0.8111	852381	629.81	536838077.6	0.288172777	99042586	0.9895
HNCeC14	313110	372325220	0.485246	308484	1189.12	1294	585	0.729	561475	602.26	338153933.5	0.267335144	44197812	0.9672
HNCeC15	619551	772749402	0.501476	205906	1247.27	1450	591	0.8188	1141215	621.25	708979818.8	0.275976043	96947780	0.9899
HNCeC16	611304	784383070	0.517581	136259	1283.13	1533	598	0.8207	1141070	628.8	717504816	0.281805674	101807326	0.9915
HNCeC17	517478	657844125	0.484918	174186	1271.25	1506	591	0.8168	962247	624.42	600846271.7	0.288646262	89348064	0.9896
HNCeC18	569699	711160942	0.511609	151524	1248.31	1446	592	0.8407	1047842	620.01	649672518.4	0.276947288	94318546	0.9916
HNCeC4	296886	465315310	0.478175	333049	1567.32	2224	637	0.7683	626980	673.72	422408965.6	0.37371846	97613862	0.9884
HNCeC5	367225	552749731	0.481843	204888	1505.21	2029	627	0.7801	757294	665.04	503630801.8	0.352717703	101953136	0.9913
HNCeC6	483025	656683604	0.484691	229737	1359.52	1703	601	0.7751	930571	643.45	598775910	0.312368428	99083374	0.9854
HNCeC7	511268	685055898	0.49865	261986	1339.92	1628	605	0.8171	980024	639.73	626950753.5	0.304466013	89186194	0.9908
HNCeC8	568625	687317263	0.500696	132020	1208.74	1368	590	0.8201	1024546	615.28	630382662.9	0.258725328	83534034	0.9878
JSCeC1	198501	321210828	0.489437	588844	1618.18	2446	625	0.6697	439269	653.29	286970045	0.398530286	28277548	0.9668
JSCeC2	306751	554455074	0.498522	753341	1807.51	3211	656	0.6633	732739	679.02	497544435.8	0.430061727	69753264	0.97
JSCeC3	348195	637388098	0.500348	802262	1830.55	3364	655	0.6717	832119	689.04	573363275.8	0.435440123	81707828	0.9705
JSCeC4	259479	466558676	0.495482	480652	1798.06	3384	649	0.6519	615007	680.91	418764416.4	0.430604855	50866458	0.9706
JSCeC5	290223	496297263	0.493928	480479	1710.05	2791	640	0.6556	667230	666.67	444822224.1	0.412599853	52177210	0.9682
JSCeC6	248454	403447065	0.486836	480511	1623.83	2463	630	0.6478	551166	654.12	360528703.9	0.39270746	40513396	0.9649
MD14d_CeC_1	72715	145302944	0.4766	941992	1998.25	4205	683	0.6305	188257	692.92	130447040.4	0.476593168	7376164	0.9662
MD14d_CeC_2	110674	189927039	0.4903	941992	1716.09	2497	668	0.6331	258112	661.23	170671397.8	0.410035179	9122201	0.961
MD14d_CeC_3	53562	126005327	0.470016	758471	2352.51	6136	758	0.6858	154446	734.17	113389619.8	0.526170959	23271412	0.9727
MD14d_CeC_4	111081	236052469	0.501498	707059	2125.05	4837	714	0.6467	302259	704.56	212959601	0.492600717	27759076	0.9719
MD14d_CeC_5	113528	198766049	0.4922	941992	1750.81	2599	675	0.6327	267919	667.94	178953816.9	0.414468552	9571543	0.9618
MD14d_CeC_6	76009	155793512	0.4792	941992	2049.67	4395	693	0.6319	200089	700.2	140102317.8	0.484994178	8282589	0.9673
MD14d_CeC_7	116108	276984996	0.500001	646183	2385.58	6161	768	0.6473	343830	727.2	250033176	0.531352703	36088812	0.9724
MD14d_CeC_8	55150	143921210	0.468315	740616	2609.63	8071	796	0.6954	171672	752.55	129191763.6	0.564926138	31615340	0.9738
MD3d_CeC_1	9495	27346121	0.496	427317	2880.05	35456	743	0.667	31601	740.12	23388532.12	0.652479352	4863208	0.9572
MD3d_CeC_2	12226	23837904	0.5171	217373	1949.77	4100	674	0.6467	29592	666.63	19726914.96	0.512368208	3919860	0.9568
MD3d_CeC_3	6073	15908096	0.5203	217710	2619.47	12840	695	0.6489	18283	712.37	13024260.71	0.649401083	4246159	0.9599
MD3d_CeC_4	13187	28759625	0.533	483149	2180.9	5125	710	0.6733	36054	694.65	25044911.1	0.537832141	5791265	0.959
MD3d_CeC_5	10706	29268750	0.4926	404262	2733.86	26639	740	0.6647	34183	730.51	24971023.33	0.631951555	5894084	0.9581
MD3d_CeC_6	12721	25910157	0.5161	276000	2036.8	4172	698	0.6556	32122	676.07	21716720.54	0.522009837	5106848	0.9606
MD3d_CeC_7	7202	17058195	0.5203	165036	2368.53	9833	675	0.6501	20420	688.52	14059578.4	0.609157689	6505871	0.9634
MD3d_CeC_8	15636	35315807	0.525058	525435	2258.62	5042	750	0.6753	43732	704.08	30790826.56	0.549163084	22051172	0.9613
MD42d_CeC1	53567	111728245	0.479034	753161	2085.77	6219	669	0.6905	140080	723.83	101394106.4	0.488392347	26053620	0.9705
MD42d_CeC2	59094	98278263	0.4637	514425	1663.08	2491	627	0.6396	129629	678.84	87997350.36	0.401900809	7035428	0.957
MD42d_CeC3	83200	158621518	0.476129	858160	1906.51	4462	651	0.6607	205909	698.09	143743013.8	0.453651856	30963092	0.9671
MD42d_CeC4	79287	128237997	0.472384	858160	1617.39	2326	631	0.6577	174701	663.73	115954294.7	0.390970859	26153556	0.9637
MD42d_CeC5	322345	304465023	0.420254	505818	944.532	856	549	0.4516	359392	428.67	154060568.6	0.29888534	25611092	0.6942
MD42d_CeC6	104357	176027559	0.485134	505818	1686.78	2538	648	0.665	236701	675.16	159811047.2	0.398654843	31522856	0.9651
MD42d_CeC7	82912	162993391	0.470343	858160	1965.86	4967	654	0.6697	209898	702.94	147545700.1	0.468308416	33411672	0.9661
MD42d_CeC8	65208	125521310	0.459599	813251	1924.94	3697	668	0.6621	160081	706.13	113037996.5	0.452658342	19602746	0.9614
MD70dCeC1	187872	305407813	0.506368	629395	1625.62	2465	625	0.7978	408174	685.47	279791031.8	0.392910866	45151172	0.9831
MD70d_CeC1	151950	273417962	0.487035	858160	1799.39	3333	647	0.6532	365648	676.22	247258490.6	0.431185184	30710128	0.9646
MD70dCeC2	145746	214557237	0.509173	401076	1472.13	1920	605	0.7794	295201	666.26	196680618.3	0.35424338	25718318	0.9766
MD70d_CeC2	137485	216669328	0.487096	862070	1575.95	2261	619	0.6375	301476	646.65	194949455.4	0.383947644	22774688	0.9535
MD70dCeC3	96389	151298892	0.5164	449153	1569.66	2249	624	0.7768	201463	686.21	138245925.2	0.376878136	9050620	0.9772
MD70d_CeC3	82097	134974215	0.5025	858160	1644.08	2457	637	0.6339	183602	659.26	121041454.5	0.394429255	7077785	0.9568
MD70dCeC4	181233	249018056	0.515462	449220	1374.02	1609	601	0.7907	349120	655.7	228917984	0.316289528	32007072	0.9792
MD70d_CeC4	159358	238845063	0.498531	673057	1498.8	1901	618	0.6627	335156	644.99	216172268.4	0.35466171	27661568	0.9599
MD70dCeC5	198266	320500299	0.506005	492344	1616.52	2423	624	0.8022	429975	682.66	293526733.5	0.391713472	48893784	0.9831
MD70d_CeC5	185408	332344283	0.49066	858160	1792.5	3232	648	0.6603	445796	674.36	300626990.6	0.428884512	39827806	0.9648
MD70dCeC6	89718	138377167	0.515	652545	1542.35	2142	622	0.7752	185863	680.09	126403567.7	0.368825425	8188079	0.9782
MD70d_CeC6	121029	191363108	0.485764	494169	1581.13	2356	616	0.6388	266399	646.19	172144369.8	0.387167369	19627622	0.953
MD70d_CeC7	85809	143183202	0.4996	753156	1668.62	2565	640	0.6331	193788	661.75	128239209	0.402460421	7488974	0.9559
MD70d_CeC8	159761	239888476	0.498799	949137	1501.55	1908	619	0.6621	336712	644.82	217118631.8	0.3553571	27601576	0.9598
MD70dCoC1	2923	4620159	0.3665	105993	1580.62	4676	593	0.5685	5327	623.35	3320585.45	0.542331519	316658	0.8612
MD70dCoC2	1863	1401813	0.3953	5484	752.44	733	538	0.4364	1338	218.86	292834.68	0.220478326	127922	0.7878
MD70dCoC3	61048	84326020	0.4897	396291	1381.3	1749	588	0.7709	115459	662.17	76453486.03	0.326903923	4198426	0.9711
MD70dCoC4	47554	60472829	0.5081	401442	1271.66	1472	581	0.7829	83793	651.53	54593653.29	0.284128746	3136359	0.9685
MD70dCoC5	3626	5363485	0.3705	106195	1479.17	1850	589	0.5625	6052	602.35	3645422.2	0.516027759	406123	0.8598
MD70dCoC7	61727	85193242	0.4886	594153	1380.16	1748	589	0.7636	116834	659.92	77101093.28	0.326754198	4126830	0.9698
MD70dduC1	2653	2086914	0.3981	3616	786.62	776	542	0.3759	1996	218.37	435866.52	0.22745491	151544	0.7714
MD70dduC2	1847	1371313	0.3891	2449	742.45	730	533	0.392	1287	209.14	269163.18	0.210567211	111629	0.7753
MD70dduC3	2304	1803288	0.3901	5065	782.67	774	540	0.3811	1704	213.92	364519.68	0.228873239	127779	0.7671
MD70dduC4	3263	2711155	0.386	3779	830.87	838	547	0.3636	2402	215.74	518207.48	0.259783514	206983	0.771
MD70dduC5	2391	1853975	0.399	2836	775.39	762	539	0.3713	1842	211.05	388754.1	0.213355049	136760	0.7725
MD70dduC7	2497	1955015	0.391	3677	782.94	771	539	0.3776	1788	214.11	382828.68	0.252796421	135178	0.7629
MD70dIlC1	2921	2227613	0.4175	3572	762.61	752	533	0.4081	2344	235.51	552035.44	0.210750853	175206	0.7725
MD70dIlC2	3080	4623589	0.3716	69491	1501.16	2844	583	0.5566	5711	614.81	3511179.91	0.481526878	289023	0.8321
MD70dIlC3	2453	1919699	0.388	3126	782.59	778	541	0.3824	1733	209.19	362526.27	0.233121754	133270	0.7557
MD70dIlC4	5148	6900452	0.3503	52055	1340.41	1589	595	0.5718	8577	602.6	5168500.2	0.42404104	345191	0.8653
MD70dIlC5	2160	1562129	0.4242	2391	723.2	697	529	0.4373	1714	242.57	415764.98	0.2042007	144734	0.7831
MD70dIlC7	1867	1406272	0.3898	2440	753.22	735	534	0.398	1303	209.93	273538.79	0.205679202	112639	0.7653
MD70djeC1	2234	1737619	0.3886	3698	777.8	770	541	0.3848	1628	208.29	339096.12	0.227272727	121622	0.7697
MD70djeC2	1967	1498196	0.3848	2924	761.66	757	541	0.3732	1324	203.92	269990.08	0.230362538	109859	0.7662
MD70djeC3	1986	1497629	0.391	3392	754.09	743	533	0.3833	1393	209.61	291986.73	0.219669777	112435	0.761
MD70djeC4	1874	1422812	0.3805	3225	759.23	748	537	0.3843	1280	207.16	265164.8	0.2234375	123006	0.7835
MD70djeC5	2078	1588019	0.3908	3005	764.2	754	537	0.3839	1449	209.16	303072.84	0.213940649	122266	0.7732
MD70djeC6	1882	1391041	0.3936	3253	739.12	716	534	0.3848	1354	208.3	282038.2	0.216395864	110065	0.764
MD7d_CeC_1	15775	45440278	0.4739	404262	2880.52	7329	905	0.6474	52235	744.1	38868063.5	0.625576721	6002535	0.945
MD7d_CeC_2	21335	44036272	0.4618	253639	2064.03	5425	683	0.6413	55040	680.33	37445363.2	0.525181686	5584499	0.9517
MD7d_CeC_3	19969	58606211	0.467717	407634	2934.86	12196	834	0.6613	68232	737.2	50300630.4	0.637149724	27272788	0.9504
MD7d_CeC_4	20078	51078955	0.4689	404262	2544.02	5407	846	0.6607	62104	718.56	44625450.24	0.570768389	6220403	0.9485
MD7d_CeC_5	26796	53074720	0.4721	404262	1980.69	3457	716	0.6596	67456	675.37	45557758.72	0.487562263	8768608	0.9464
MD7d_CeC_6	14604	53092692	0.469821	417004	3635.49	20010	1005	0.6608	60514	769.57	46569758.98	0.685593416	22905596	0.9531
MD7d_CeC_7	22213	45556971	0.4634	367215	2050.91	5598	684	0.6331	57254	678.52	38847984.08	0.521622943	6445878	0.9526
MD7d_CeC_8	16128	48299808	0.4743	404262	2994.77	10565	865	0.6387	55112	747.39	41190157.68	0.645594426	8530253	0.9467
PD14d_CeC_1	75012	143337227	0.4812	452320	1910.85	3523	676	0.6434	188758	686.24	129533289.9	0.451954354	7059323	0.9641
PD14d_CeC_2	79972	134455816	0.4882	431179	1681.28	2498	651	0.6274	182009	668.75	121718518.8	0.392068524	5856010	0.9466
PD14d_CeC_3	63900	119494483	0.4828	350970	1870.02	3330	671	0.6305	157663	686.15	108180467.5	0.440103258	4885073	0.9619
PD14d_CeC_4	65209	88110470	0.5024	350970	1351.2	1563	608	0.6238	130834	608.31	79587630.54	0.308314353	3278113	0.9543
PD14d_CeC_5	91870	166038753	0.4873	441829	1807.32	2880	670	0.6418	220376	683.3	150582920.8	0.418675355	8650298	0.9492
PD14d_CeC_6	84748	135537588	0.4944	351709	1599.3	2158	642	0.6156	188846	648.71	122506288.7	0.377895216	6135152	0.9601
PD14d_CeC_7	84613	136540778	0.4824	637576	1613.7	2317	635	0.6288	188045	656.96	123538043.2	0.384365444	5574495	0.9568
PD14d_CeC_8	108907	181268613	0.4919	502517	1664.43	2425	655	0.6305	247664	663.78	164394409.9	0.388546579	8565049	0.9544
PD3d_CeC_1	499	364912	0.4908	9086	731.28	680	526	0.4804	653	372.87	243484.11	0.153139357	50706	0.8632
PD3d_CeC_2	10510	16072291	0.5033	374818	1529.23	1850	624	0.636	22932	617.61	14163032.52	0.385487528	2005589	0.9507
PD3d_CeC_3	251	185092	0.4941	9084	737.41	668	520	0.4468	278	352.93	98114.54	0.147482014	37610	0.8318
PD3d_CeC_4	87	72976	0.4351	9084	838.8	799	532	0.4132	84	250.83	21069.72	0.238095238	26049	0.8588
PD3d_CeC_5	85	75019	0.4113	9089	882.57	841	561	0.3983	84	251.92	21161.28	0.333333333	22743	0.8534
PD3d_CeC_6	487	357881	0.5817	8574	734.86	698	530	0.3707	566	347.56	196718.96	0.173144876	33717	0.7369
PD3d_CeC_7	1794	5574656	0.4891	49159	3107.38	6106	1181	0.5991	6490	757.61	4916888.9	0.610631741	190709	0.9293
PD3d_CeC_8	229	189105	0.4802	8513	825.78	751	526	0.4738	294	384.69	113098.86	0.200680272	44386	0.851
PD42d_CeC1	117730	223724507	0.467586	573632	1900.32	3719	669	0.6642	292668	695.18	203456940.2	0.446485437	33317360	0.9642
PD42d_CeC2	109367	189304993	0.479746	573040	1730.92	3010	638	0.6765	254076	677.31	172088215.6	0.415119885	33390956	0.9689
PD42d_CeC3	56666	91258931	0.474	858160	1610.47	2377	622	0.6596	126538	652.7	82591352.6	0.392735779	6966486	0.9667
PD42d_CeC4	125549	202060708	0.487386	505818	1609.42	2425	630	0.6622	279057	657.05	183354401.9	0.385376464	33301120	0.9674
PD42d_CeC5	102616	175042129	0.472171	573313	1705.8	2702	642	0.6623	237348	669.72	158956702.6	0.406824578	23842528	0.9644
PD42d_CeC6	124461	206789705	0.480596	573040	1661.48	2557	634	0.6637	282475	664.61	187735709.8	0.397521905	32936562	0.9665
PD42d_CeC7	130874	217421802	0.482523	577715	1661.31	2501	638	0.6607	298355	660.72	197129115.6	0.397955456	37591626	0.9665
PD42d_CeC8	88833	145292851	0.484064	577715	1635.57	2552	621	0.6548	200561	656.06	131580049.7	0.40090546	24016910	0.966
PD70dCeC1	286228	440328360	0.506883	652458	1538.38	2153	620	0.7726	603279	668.39	403225650.8	0.371130107	61226498	0.9809
PD70d_CeC1	191735	318372735	0.497596	652458	1660.48	2538	640	0.6239	437847	659.53	288773231.9	0.399525405	36539628	0.9645
PD70dCeC2	317443	463193286	0.502323	652458	1459.14	1937	608	0.78	645587	656.35	423731027.5	0.353061632	68150806	0.9804
PD70d_CeC2	219791	355218849	0.491237	753159	1616.17	2434	634	0.6172	494023	650.57	321396543.1	0.390844151	44079006	0.9619
PD70dCeC3	305277	469265836	0.512851	792213	1537.18	2168	613	0.7964	644085	666.98	429591813.3	0.374178874	71737318	0.9816
PD70d_CeC3	243380	424937398	0.50677	652458	1745.98	3049	641	0.646	574976	670.28	385394913.3	0.42069582	54967626	0.964
PD70dCeC4	292667	447827142	0.514978	652458	1530.16	2155	613	0.7956	613975	668.16	410233536	0.373101511	66922228	0.9819
PD70d_CeC4	184450	292946571	0.494644	858160	1588.22	2268	630	0.6324	409521	649.73	266078079.3	0.381802154	32511530	0.9632
PD70dCeC5	294039	425675849	0.500867	652458	1447.68	1927	603	0.7894	594936	654.53	389403460.1	0.351370568	61217540	0.9807
PD70d_CeC5	207190	346198649	0.499532	652545	1670.92	2623	640	0.6309	475033	660.99	313992062.7	0.403060419	41098018	0.9649
PD70dCeC6	276230	415872131	0.508009	652458	1505.53	2041	613	0.7714	574093	663.83	381100156.2	0.364282442	54513086	0.9796
PD70d_CeC6	263284	426893359	0.497052	652458	1621.42	2521	631	0.6374	593135	651.5	386427452.5	0.393342157	55979090	0.963
PD70d_CeC7	221082	385774941	0.506925	858160	1744.94	3025	644	0.6368	522197	670.31	350033871.1	0.420239871	48356418	0.9637
PD70d_CeC8	192506	307042847	0.497536	858160	1594.98	2280	632	0.6317	428106	651.46	278893934.8	0.383334968	34515654	0.9635
PD70dCoC1	134028	186085559	0.483881	401064	1388.41	1764	601	0.7726	262291	651.63	170916684.3	0.330960651	19977740	0.9806
PD70dCoC2	1555	1339039	0.4097	35260	861.11	794	541	0.7121	2186	552.2	1207109.2	0.153705398	141595	0.9383
PD70dCoC3	11953	18684548	0.436	194298	1563.16	2829	588	0.7516	25419	659.3	16758746.7	0.429049136	1659973	0.9631
PD70dCoC4	12550	13334928	0.4762	201144	1062.54	1000	551	0.7625	20565	597.84	12294579.6	0.226306832	927708	0.9745
PD70dCoC5	121955	164040594	0.4831	413621	1345.09	1666	597	0.7811	233039	646.58	150678356.6	0.315603826	8972540	0.9819
PD70dCoC6	2025	1738876	0.4365	24419	858.7	815	545	0.7078	2849	549.33	1565041.17	0.137943138	156890	0.938
PD70dduC1	79	63193	0.4429	9055	799.91	727	526	0.4629	79	277.92	21955.68	0.215189873	15416	0.8193
PD70dduC2	123	95033	0.4745	7430	772.62	692	535	0.4218	120	301.23	36147.6	0.233333333	17442	0.7836
PD70dduC3	101	81799	0.4493	9082	809.89	743	526	0.4337	99	290.94	28803.06	0.232323232	18801	0.8033
PD70dduC4	109	86744	0.4679	9060	795.81	720	533	0.3981	113	281.79	31842.27	0.265486726	18286	0.7413
PD70dduC5	103	88501	0.4473	9086	859.23	788	539	0.4445	110	276	30360	0.290909091	18739	0.8237
PD70dduC6	113	88456	0.4671	8538	782.79	685	529	0.416	124	276.97	34344.28	0.241935484	17077	0.784
PD70dIlC1	1884	2203839	0.305	116865	1169.76	1208	594	0.6674	3209	639.8	2053118.2	0.27672172	127130	0.9126
PD70dIlC2	188	142121	0.4998	8408	755.96	693	527	0.4585	194	309.63	60068.22	0.216494845	23113	0.7943
PD70dIlC3	3542	6839978	0.3291	135893	1931.1	3420	685	0.672	8529	719.03	6132606.87	0.527728925	513601	0.9218
PD70dIlC4	992	1027921	0.3106	10988	1036.21	1081	573	0.6049	1568	605.68	949706.24	0.200255102	44657	0.9028
PD70dIlC5	2190	2735613	0.2999	246930	1249.13	1354	609	0.6526	3886	650.81	2529047.66	0.316778178	148751	0.9035
PD70dIlC6	202	152505	0.5145	9085	754.97	687	529	0.4736	223	324.61	72388.03	0.188340807	24343	0.8063
PD70djeC1	103	83687	0.4557	9081	812.49	757	543	0.4394	106	277.98	29465.88	0.245283019	17166	0.8025
PD70djeC2	185	133656	0.5078	9066	722.46	662	524	0.4288	195	292.26	56990.7	0.21025641	25055	0.6708
PD70djeC3	114	88231	0.4882	7403	773.95	687	524	0.4376	119	286.3	34069.7	0.226890756	18848	0.775
PD70djeC4	263	188302	0.5441	9050	715.97	685	526	0.4114	296	308.04	91179.84	0.185810811	21546	0.7328
PD70djeC5	109	86004	0.4607	9050	789.02	698	528	0.4338	109	258.66	28193.94	0.28440367	17997	0.798
PD70djeC6	106	79444	0.5203	9049	749.47	662	519	0.4555	121	326.09	39456.89	0.231404959	19646	0.6816
PD7d_CeC_1	14937	42506059	0.4799	438632	2845.68	7260	891	0.6579	50499	742.06	37473287.94	0.601160419	5434495	0.9542
PD7d_CeC_2	21122	69281940	0.4367	302187	3280.08	13959	892	0.6351	81090	753.88	61132129.2	0.654408682	6426126	0.9332
PD7d_CeC_3	27499	45061839	0.4637	133990	1638.67	2454	648	0.6401	62627	638.82	40007380.14	0.404937168	3039602	0.933
PD7d_CeC_4	25685	84225572	0.446816	593284	3279.17	17730	912	0.6649	98112	758.74	74441498.88	0.651276093	27458832	0.957
PD7d_CeC_5	36200	109046739	0.430818	855313	3012.34	16172	805	0.673	128588	753.38	96875627.44	0.630198774	28460132	0.9579
PD7d_CeC_6	31886	118482441	0.415258	564376	3715.81	19651	1003	0.6573	135217	776.8	105036565.6	0.688567266	41518664	0.9574
PD7d_CeC_7	21595	62571575	0.4481	178888	2897.5	9077	865	0.6412	75359	732.35	55189163.65	0.612003875	6615130	0.9427
PD7d_CeC_8	44494	126466128	0.445289	564511	2842.32	9543	857	0.6558	151759	740.57	112388162.6	0.602204812	32631208	0.9569
QDCoC1	7209	9175016	0.3937	56939	1272.71	1533	586	0.6559	12911	639.82	8260716.02	0.318100844	465715	0.8609
QDCoC14	12613	10134389	0.4787	9063	803.48	766	534	0.7299	18441	500.39	9227691.99	0.123854455	773831	0.9706
QDCoC15	9923	8475635	0.5457	9998	854.14	834	542	0.6414	14884	511.27	7609742.68	0.135380274	402163	0.7895
QDCoC19	2147	2802117	0.3624	29924	1305.13	1532	636	0.5698	3680	652.23	2400206.4	0.335597826	94695	0.7934
QDCoC2	5482	4561325	0.5387	9055	832.05	806	532	0.7359	7913	518.83	4105501.79	0.130039176	482374	0.9595
QDCoC22	19690	22193663	0.4374	34461	1127.15	1242	581	0.5706	33812	592.05	20018394.6	0.249526795	733242	0.7541
QDCoC29	2131	1700581	0.5373	8476	798.02	784	537	0.7356	2970	502.3	1491831	0.117845118	158799	0.9443
QDCoC3	363	283412	0.4575	9990	780.74	729	522	0.6388	465	399.57	185800.05	0.159139785	70940	0.8712
QDCoC30	1066	792927	0.3932	7461	743.83	706	531	0.6174	1350	477.89	645151.5	0.112592593	99884	0.8805
QDCoC31	360	271344	0.3572	9052	753.73	699	523	0.5919	469	473.47	222057.43	0.130063966	39292	0.8026
QDCoC35	2981	3276203	0.3469	19398	1099.02	1187	595	0.5587	4697	625.43	2937644.71	0.236108154	97259	0.7786
SDCeC1	236625	402679656	0.484746	519069	1701.76	2687	643	0.7647	527834	690.28	364353253.5	0.416007684	44777600	0.9806
SDCeC2	219547	368994727	0.490743	459706	1680.71	2693	640	0.7458	484191	689.33	333767382	0.411814759	40642524	0.9799
SDCeC3	220007	331084555	0.488077	286707	1504.88	2064	616	0.7851	448139	669.18	299885656	0.367600231	32489664	0.9832
SDCeC4	139732	208168314	0.484528	367756	1489.77	2038	613	0.7353	285867	658.01	188103344.7	0.366509601	20644192	0.9786
SDCeC5	218176	375380412	0.495061	483684	1720.54	2883	641	0.7565	488081	699.78	341549322.2	0.416936943	50231424	0.9839
SDCeC6	197119	295108097	0.505779	448632	1497.11	1923	619	0.7597	400934	671.09	269062798.1	0.354779091	33411484	0.9808
SDQCeC10L	224514	302392313	0.436778	248392	1346.88	1634	610	0.6303	432928	634.07	274506657	0.300329385	31066656	0.9685
SDQCeC11L	15873	12361820	0.3988	11673	778.79	747	536	0.5972	22660	488.36	11066237.6	0.107811121	1051778	0.9168
SDQCeC1L	616655	773254710	0.50519	446759	1253.95	1461	595	0.8234	1139856	620.77	707588409.1	0.275440933	97759032	0.9908
SDQCeC1R	570606	788974851	0.467748	415550	1382.7	1738	610	0.6255	1142757	621.61	710349178.8	0.325176744	79878736	0.9566
SDQCeC2L	280146	335443222	0.461066	92140	1197.39	1342	582	0.7621	488631	632.45	309034676	0.253450968	34005632	0.9828
SDQCeC3L	530993	590833146	0.500848	146498	1112.69	1196	574	0.8114	902124	603.78	544684428.7	0.227213775	61081446	0.9845
SDQCeC4L	653951	817230627	0.508227	120428	1249.68	1453	593	0.8407	1202377	622.31	748251230.9	0.275476826	118054516	0.9922
SDQCeC4R	435836	582740048	0.470924	137501	1337.06	1640	605	0.6299	844714	624.69	527684388.7	0.305158906	56764916	0.9631
SDQCeC5L	56049	63472544	0.3844	45103	1132.44	1208	577	0.6352	96133	603.58	58023956.14	0.24095784	3234211	0.9568
SDQCeC7R	57317	59189277	0.3869	43874	1032.66	1033	567	0.5803	91530	553.69	50679245.7	0.235299902	3259815	0.9047
SDQCeC8L	300098	374620068	0.479718	100320	1248.33	1454	594	0.7623	540432	638.57	345103662.2	0.268664698	37393314	0.9801
SDQCeC8R	206332	277083383	0.440988	158170	1342.9	1660	602	0.6345	394635	638.02	251785022.7	0.293369823	27662290	0.964
SDQCeC9L	439301	574158431	0.508892	209364	1306.98	1551	605	0.7603	817666	646.18	528359415.9	0.286132724	65070300	0.9856
SDQCeC9R	487793	646180570	0.471441	143346	1324.7	1601	605	0.6421	938165	625.54	586859734.1	0.295045115	65832646	0.9672
SDQCoC1	25428	22939712	0.4668	21205	902.14	864	538	0.6834	39299	526.97	20709394.03	0.179368432	1998859	0.8957
SDQCoC3	32601	31374615	0.4581	61564	962.38	926	554	0.7188	50945	556.5	28350892.5	0.198331534	2691368	0.9544
SDQCoC4	53688	55685685	0.4693	92119	1037.2	1057	552	0.7372	89555	566.47	50730220.85	0.226486517	4759761	0.9149
SDQCoC5	312421	328028483	0.627685	135328	1049.96	1070	560	0.6987	551869	540.83	298467311.3	0.221092324	56927552	0.8728
SDQCoC7	134684	150415204	0.4772	107504	1116.8	1182	566	0.7141	233038	591.21	137774396	0.241570044	7651711	0.9296
SDQCoC8	28679	26358680	0.5278	97754	919.09	859	540	0.6869	45394	522.79	23731529.26	0.186941005	2439351	0.8616
SDQDuC1	1808	1299958	0.5676	9059	719	684	526	0.6459	2308	400.4	924123.2	0.161611785	284654	0.8614
SDQDuC2	930	664212	0.5725	7381	714.2	682	520	0.6019	1173	359.54	421740.42	0.184995737	79321	0.7972
SDQDuC3	1649	1192796	0.5563	7404	723.34	689	523	0.664	2153	414.33	892052.49	0.134695773	282802	0.8882
SDQDuC4	619	470949	0.6149	7390	760.82	730	534	0.5274	732	362.02	264998.64	0.200819672	51275	0.7406
SDQDuC5	508	364463	0.5962	7409	717.44	669	526	0.5162	583	330.38	192611.54	0.181818182	41989	0.7621
SDQDuC7	1715	1316383	0.5195	7850	767.57	719	526	0.6444	2337	417.03	974599.11	0.173299101	255785	0.8383
SDQILC1	457148	464155378	0.651586	169616	1015.33	1016	559	0.6779	800154	530.75	424681735.5	0.202957181	55694276	0.8375
SDQILC2	23491	46332754	0.395688	121275	1972.36	3569	706	0.7224	60993	679.41	41439254.13	0.503795518	36559410	0.9727
SDQILC4	80309	94038137	0.551379	202146	1170.95	1268	565	0.6916	147949	570.74	84440412.26	0.283563931	27685640	0.8735
SDQILC5	329384	339286331	0.628952	134311	1030.06	1033	555	0.712	576987	536.46	309530446	0.216821176	59189656	0.8787
SDQILC8	22116	18011450	0.6167	20881	814.4	750	530	0.6785	33099	492.76	16309863.24	0.133750264	1695374	0.8474
SDQILC9	62386	61023239	0.5887	134222	978.15	955	545	0.682	103858	530.4	55086283.2	0.200957076	7270624	0.8473
SDQJeC1	472	346863	0.626	8923	734.87	696	532	0.52	553	350.52	193837.56	0.197106691	39368	0.7334
SDQJeC2	658	467044	0.5966	9048	709.79	688	525	0.6143	811	348.08	282292.88	0.175092478	97730	0.8244
SDQJeC4	628	470748	0.6158	7251	749.59	722	530	0.4782	750	346.34	259755	0.192	38942	0.7253
SDQJeC5	478	359846	0.5917	9079	752.81	707	535	0.594	568	369.99	210154.32	0.213028169	73455	0.815
SDQJeC7	649	498259	0.5979	8921	767.73	733	530	0.5922	837	360.88	302056.56	0.204301075	76036	0.7977
SDQJeC9	1550	1297711	0.4504	9058	837.23	822	540	0.6471	2228	470.28	1047783.84	0.163375224	119686	0.8251
SHCeC1	347392	476412673	0.513693	373479	1371.4	1676	610	0.7245	674820	647.14	436703014.8	0.317308319	52290706	0.9794
SHCeC12	507469	700982351	0.524152	484997	1381.33	1724	603	0.8119	997773	644.42	642984876.7	0.319466452	111012238	0.9903
SHCeC15	371929	487939415	0.536831	286994	1311.92	1560	599	0.7624	695147	647.03	449780963.4	0.294350691	56546240	0.9816
SHCeC16	615724	850629481	0.505403	294964	1381.51	1758	600	0.7965	1221475	636.01	776870314.8	0.324759819	114797534	0.9867
SHCeC17	509526	692697573	0.5108	299947	1359.49	1675	603	0.7837	996757	635.74	633678295.2	0.314667467	106341308	0.9878
SHCeC18	465567	679609108	0.502516	505374	1459.75	1940	614	0.8017	962185	645.57	621157770.5	0.351831508	103716148	0.9887
SHCeC24	546436	864671425	0.498694	564745	1582.38	2289	633	0.7733	1178807	671.03	791014861.2	0.380964823	144212386	0.986
SHCeC26	570221	746831347	0.51459	671504	1309.72	1559	592	0.8228	1091718	625.48	682847774.6	0.304112417	104441916	0.9898
SHCeC27	520571	794664074	0.505127	371070	1526.52	2077	634	0.7322	1093932	664.26	726655270.3	0.361431058	102027752	0.98
SHCeC28	443806	687875776	0.509319	371121	1549.95	2178	632	0.7767	936686	671.72	629190719.9	0.366547594	101834408	0.9875
SHCeC4	385096	525368962	0.526841	219225	1364.25	1655	608	0.7294	748382	643.3	481434140.6	0.314061535	54807030	0.9783
SHCeC7	325306	451579574	0.509835	364985	1388.17	1712	614	0.7389	640327	647.06	414329988.6	0.32087043	59129226	0.9824
SSCeC-1	436880	544305005	0.476524	236193	1245.89	1441	588	0.7538	790604	630.78	498697191.1	0.281277353	57304764	0.9742
SSCeC-10	295476	424784364	0.498914	363416	1437.63	1900	609	0.7785	586143	668.87	392053468.4	0.332246568	48720122	0.9816
SSCeC-2	374143	449964514	0.487872	535841	1202.65	1360	581	0.762	659597	623.23	411080638.3	0.26427652	43668500	0.9725
SSCeC-3	342049	413179449	0.473663	64796	1207.95	1381	584	0.7394	596469	622.48	371290023.1	0.270904272	47392850	0.9655
SSCeC-4	426985	504053989	0.455763	114278	1180.5	1316	579	0.732	739159	614.62	454301904.6	0.260750393	62295692	0.9657
SSCeC-5	221458	242297098	0.484576	102495	1094.1	1159	569	0.7389	367602	605.98	222759460	0.225635334	21779602	0.9656
SSCeC-6	180787	209152923	0.465	107185	1156.9	1266	578	0.7146	298084	605.93	180618038.1	0.274171039	9234620	0.942
SSCeC-7	255404	306580093	0.475756	363403	1200.37	1329	580	0.7513	455391	620.21	282438052.1	0.272991781	27893748	0.959
SSCeC-8	234907	267538775	0.46103	82870	1138.91	1240	572	0.7322	380719	633.82	241307316.6	0.239969636	25135616	0.9503
SSCeC-9	278681	406629918	0.490902	363417	1459.12	1933	612	0.77	566532	664.16	376267893.1	0.349277711	50155748	0.9754
SXCeC1	226423	369799951	0.474823	802080	1633.23	2539	629	0.6557	501775	659.97	331156446.8	0.398716556	29963744	0.966
SXCeC2	242290	425903766	0.492903	802345	1757.83	2947	646	0.656	563480	676.33	381098428.4	0.422474622	48003948	0.9673
SXCeC3	217211	403813690	0.47847	499892	1859.08	3646	655	0.6582	529129	682.87	361326320.2	0.447722578	39685414	0.9667
SXCeC4	261189	492771186	0.501622	802343	1886.65	3830	659	0.661	642957	688.51	442682324.1	0.451527863	47372634	0.9697
SXCeC5	226327	405181946	0.489295	438457	1790.25	3364	645	0.6589	532223	681.5	362709974.5	0.430103547	36642382	0.9674
SXCeC6	282967	507710046	0.491765	802322	1794.24	3178	655	0.6434	669687	681.01	456063543.9	0.426578387	42647818	0.9676
WFHCeC11L	341407	572775983	0.493519	463222	1677.69	2527	654	0.6643	756253	685.67	518539994.5	0.380076509	70941730	0.9773
WFHCeC12L	342833	562347143	0.486949	373724	1640.29	2474	642	0.6636	746794	678.48	506684793.1	0.375009708	68834668	0.9749
WFHCeC13L	344750	568651132	0.493338	401710	1649.46	2485	649	0.6609	757465	678.8	514167242	0.374992904	67390906	0.9777
WFHCeC14L	443711	699248645	0.506996	322631	1575.91	2262	634	0.6586	955653	664.7	635222549.1	0.36276975	75184138	0.973
WFHCeC16L	346886	667009482	0.493553	515842	1922.85	3634	680	0.6712	847418	714.34	605344574.1	0.439746383	75630980	0.9716
WFHCeC1L	359276	568398059	0.485803	400562	1582.07	2205	644	0.6482	772815	667.44	515807643.6	0.358915135	69520780	0.9756
WFHCeC21L	415385	641473242	0.493295	585091	1544.29	2137	639	0.6603	879003	663.48	583200910.4	0.351313932	69257106	0.98
WFHCeC22L	454642	708309750	0.504029	479871	1557.95	2194	634	0.6685	969285	663.27	642897662	0.356610285	71750684	0.9727
WFHCeC23L	328438	525047896	0.478028	387779	1598.62	2287	643	0.6762	706184	673.77	475805593.7	0.362826119	69050426	0.9783
WFHCeC24L	399298	631289194	0.513122	475274	1581	2264	632	0.6733	868669	660.83	574042535.3	0.366946443	67480290	0.9709
WFHCeC25L	472989	697621727	0.499575	503906	1474.92	1950	621	0.6684	975299	650.01	633954103	0.334496395	68268502	0.974
WFHCeC2L	490843	716479598	0.509385	327946	1459.69	1919	622	0.6402	1005698	646.7	650384896.6	0.332047991	65024932	0.9653
WFHCeC3L	377631	514218886	0.493125	111628	1361.7	1678	613	0.6409	737350	632.09	466071561.5	0.302799213	44573734	0.9669
WFHCeC4L	340915	481535086	0.487263	143943	1412.48	1798	619	0.6524	676888	643.51	435584196.9	0.314888135	53144704	0.9773
WFHCeC6L	433465	619013274	0.48928	238199	1428.06	1821	624	0.6383	868732	645.16	560471137.1	0.318719697	64199632	0.9745
WHYCeC1L	356443	457803185	0.49703	210758	1284.37	1527	590	0.7793	649876	642.1	417285379.6	0.275177111	73625138	0.9897
WHYCeC1R	524364	756727909	0.471239	346343	1443.13	1855	623	0.6382	1064359	642.69	684052885.7	0.332200883	78979422	0.9628
WHYCeC2L	303879	415230810	0.478559	361538	1366.43	1684	608	0.7395	572583	663.34	379817207.2	0.300316286	59536606	0.9842
WHYCeC2R	411714	584652570	0.469591	327748	1420.05	1806	620	0.6531	818105	643.64	526565102.2	0.315959443	79091208	0.9702
WHYCeC3L	635297	805129984	0.493882	119066	1267.33	1476	594	0.8283	1182593	622.3	735927623.9	0.285257058	126038048	0.9911
WHYCeC3R	423980	595524551	0.45947	184891	1404.61	1799	610	0.6432	841398	639.93	538435822.1	0.321997438	67502826	0.9657
WHYCeC4L	244391	341847537	0.489631	166877	1398.77	1779	617	0.7526	464302	672.14	312075946.3	0.304448398	58963052	0.9898
WHYCeC4R	293297	426584853	0.454296	130113	1454.45	1898	626	0.6615	592045	649.97	384811488.7	0.328670963	77155782	0.978
WHYCeC5L	290248	388165270	0.483615	163519	1337.36	1615	611	0.7426	542029	655.56	355332531.2	0.288875687	75575214	0.9896
WHYCeC5R	245073	350388676	0.438632	128780	1429.73	1845	619	0.6512	481658	659.18	317499320.4	0.32002998	51390780	0.9757
WHYCeC6L	292423	388504440	0.485938	154963	1328.57	1594	609	0.7428	545708	651.01	355261365.1	0.287157234	58947634	0.9879
WHYCeC6R	317515	463009285	0.457063	140588	1458.23	1899	624	0.6494	643614	650.83	418883299.6	0.330676461	76315168	0.9789
WHYCeC7L	365321	529635197	0.479777	340613	1449.78	1936	620	0.8095	712555	678.75	483646706.3	0.32080892	110686588	0.9922
WHYCeC7R	275637	419539513	0.449413	327748	1522.07	2081	631	0.6727	566025	665.37	376616054.3	0.345672011	67335876	0.9744
WHYCeC8	3695	6202790	0.4271	39377	1678.69	2582	676	0.7045	7330	754.14	5527846.2	0.39372442	299740	0.9424
WHYCoC1	196080	254067596	0.480617	146197	1295.73	1564	595	0.7539	358319	646.73	231735646.9	0.276772931	33187034	0.9845
WHYCoC2	51365	67917257	0.5046	136849	1322.24	1565	603	0.6197	101754	588.27	59858825.58	0.320999666	4745336	0.8321
WHYCoC3	503192	642873724	0.493497	125729	1277.59	1494	593	0.8064	945555	621.44	587605699.2	0.289616151	83154826	0.9863
WHYCoC5	28338	32701882	0.4542	99618	1153.99	1267	582	0.7853	45620	658.24	30028908.8	0.210039456	1597777	0.9803
WHYCoC6	116874	149364936	0.45454	107049	1278	1552	587	0.7264	209603	629.55	131955568.7	0.294547311	22031490	0.9562
WHYCoC7	200005	262931517	0.494363	110033	1314.62	1573	604	0.7301	377594	637.58	240746382.5	0.294477666	39883744	0.969
WHYDuC1	1418	1095628	0.6252	4630	772.65	760	534	0.455	1860	343.02	638017.2	0.208064516	66446	0.6842
WHYDuC2	979	730005	0.6272	7394	745.66	728	534	0.5181	1235	357.06	440969.1	0.216194332	58078	0.7191
WHYDuC6	861	641596	0.6112	8915	745.17	718	532	0.5004	1032	339.53	350394.96	0.183139535	60785	0.7772
WHYDuC7	510	367185	0.6149	9054	719.97	693	528	0.5043	587	353.71	207627.77	0.173764906	40776	0.7397
WHYDuC8	920	746717	0.4514	7377	811.64	801	548	0.5421	1253	495.72	621137.16	0.106943336	43423	0.8176
WHYILC1	1013	760736	0.5867	8567	750.97	723	534	0.4841	1264	337.68	426827.52	0.200949367	67669	0.7508
WHYILC3	81515	109172670	0.5248	337707	1339.29	1696	584	0.6034	161707	596.65	96482481.55	0.328346948	7354722	0.7723
WHYILC4	2675	2559897	0.411	9058	956.97	992	555	0.657	4241	537.1	2277841.1	0.177552464	147299	0.8719
WHYILC5	5810	4926641	0.4702	9720	847.95	830	543	0.7021	8084	543.66	4394947.44	0.118010886	289184	0.9167
WHYILC6	22333	18377943	0.4518	81952	822.9	725	530	0.5895	28437	414.09	11775477.33	0.230052397	2916530	0.8551
WHYILC8	954	773932	0.4046	9080	811.24	795	538	0.5989	1348	504.53	680106.44	0.123145401	51756	0.8007
WHYJeC1	2051	1577491	0.6004	6999	769.13	755	532	0.8223	2736	353.06	965972.16	0.212353801	244510	0.9075
WHYJeC2	1054	791190	0.6195	7435	750.65	735	531	0.5159	1386	342.59	474829.74	0.1998557	61296	0.7293
WHYJeC3	401	302777	0.5322	8557	755.05	720	528	0.5139	466	292.69	136393.54	0.21888412	48754	0.8125
WHYJeC5	608	452823	0.5845	8922	744.77	728	528	0.4913	725	330.18	239380.5	0.194482759	54218	0.7794
WHYJeC7	280	207217	0.548	9054	740.06	697	531	0.4729	296	336.38	99568.48	0.199324324	30696	0.8175
WHYJeC8	383	278194	0.5916	9063	726.35	688	533	0.526	436	330.47	144084.92	0.194954128	39204	0.7957
WNCeC1L	133937	238200992	0.466797	881078	1778.46	2831	677	0.7145	294882	733.49	216292998.2	0.401926872	53547916	0.9836
WNCeC2L	98176	156752307	0.511445	547233	1596.65	2281	638	0.7582	205002	705.98	144727312	0.357040419	20804990	0.9871
WNFCeC1L	35756	51379861	0.4812	170035	1436.95	1935	599	0.7283	67829	691.1	46876621.9	0.332925445	3045388	0.9811
WNFCeC2L	6239	12577251	0.4868	103862	2015.9	3626	721	0.6457	15441	722.54	11156740.14	0.481251214	514703	0.8926
WNFCeC3L	74040	133977319	0.488162	463278	1809.53	3098	662	0.7611	170894	717.2	122565176.8	0.421255281	23904444	0.9891
WNFCeC4L	171231	277755665	0.496554	255234	1622.11	2403	639	0.7566	361173	702.46	253709585.6	0.369028139	50988124	0.9894
